DL/UL	time	tbSize	SINR(dB)
DL	403.571	88	37.978
DL	405.357	88	436.542
DL	578.571	2126	381.256
DL	580.357	2126	435.904
DL	340.357	88	388.642
DL	340.536	88	439.253
DL	357.857	2126	388.977
DL	358.036	2126	439.459
DL	427.857	2126	392.768
DL	428.036	2126	430.219
DL	527.857	2126	39.739
DL	528.036	2126	427.834
DL	627.857	2126	39.576
DL	628.036	2126	43.071
DL	727.857	2126	400.498
DL	728.036	2126	430.367
DL	827.857	2126	40.217
DL	828.036	2126	433.642
DL	927.857	2126	41.187
DL	928.036	2126	438.234
DL	102.786	2126	406.174
DL	102.804	2126	438.565
DL	112.786	2126	416.117
DL	112.804	2126	439.064
DL	122.786	2126	409.619
DL	122.804	2126	439.637
DL	132.786	2126	41.008
DL	132.804	2126	441.339
DL	142.786	2126	402.235
DL	142.804	2126	440.598
DL	152.786	2126	405.145
DL	152.804	2126	435.746
DL	162.786	2126	407.971
DL	162.804	2126	434.163
DL	172.786	2126	407.423
DL	172.804	2126	429.147
DL	182.786	2126	400.673
DL	182.804	2126	431.321
DL	192.786	2126	409.343
DL	192.804	2126	428.212
DL	202.786	2126	40.805
DL	202.804	2126	43.432
DL	212.786	2126	407.177
DL	212.804	2126	428.795
DL	222.786	2126	409.287
DL	222.804	2126	429.061
DL	232.786	2126	407.946
DL	232.804	2126	437.308
DL	242.786	2126	403.027
DL	242.804	2126	435.742
DL	252.786	2126	399.524
DL	252.804	2126	438.363
DL	262.786	2126	39.288
DL	262.804	2126	42.82
DL	272.786	2126	398.042
DL	272.804	2126	423.346
DL	282.786	2126	388.326
DL	282.804	2126	426.251
DL	292.786	2126	384.613
DL	292.804	2126	427.857
DL	302.786	2126	385.887
DL	302.804	2126	437.118
DL	312.786	2126	383.264
DL	312.804	2126	432.253
DL	322.786	2126	381.151
DL	322.804	2126	421.233
DL	332.786	2126	37.822
DL	332.804	2126	427.833
DL	342.786	2126	380.919
DL	342.804	2126	423.854
DL	352.786	2126	376.464
DL	352.804	2126	410.105
DL	362.786	2126	369.284
DL	362.804	2126	405.571
DL	372.786	2126	368.552
DL	372.804	2126	408.611
DL	382.786	2126	355.412
DL	382.804	2126	397.247
DL	392.786	2126	347.608
DL	392.804	2126	396.276
DL	402.786	2126	349.644
DL	402.804	2126	396.411
DL	412.786	2126	349.909
DL	412.804	2126	400.674
DL	422.786	2126	360.318
DL	422.804	2126	40.159
DL	432.786	2126	35.578
DL	432.804	2126	401.176
DL	442.786	2126	35.511
DL	442.804	2126	399.678
DL	452.786	2126	348.709
DL	452.804	2126	407.922
DL	462.786	2126	344.497
DL	462.804	2126	407.721
DL	472.786	2126	337.666
DL	472.804	2126	404.808
DL	482.786	2126	34.111
DL	482.804	2126	398.216
DL	492.786	2126	337.799
DL	492.804	2126	400.689
DL	502.786	2126	337.622
DL	502.804	2126	401.044
DL	512.786	2126	33.234
DL	512.804	2126	396.259
DL	522.786	2126	335.141
DL	522.804	2126	403.831
DL	532.786	2126	338.316
DL	532.804	2126	401.514
DL	542.786	2126	335.558
DL	542.804	2126	401.759
DL	552.786	2126	33.467
DL	552.804	2126	402.901
DL	562.786	2126	335.115
DL	562.804	2126	412.622
DL	572.786	2126	329.759
DL	572.804	2126	411.075
DL	582.786	2126	321.467
DL	582.804	2126	406.253
DL	592.786	2126	321.194
DL	592.804	2126	400.767
DL	602.786	2126	317.769
DL	602.804	2126	403.071
DL	612.786	2126	309.618
DL	612.804	2126	396.454
DL	622.786	2126	318.566
DL	622.804	2126	397.061
DL	632.786	2126	323.607
DL	632.804	2126	392.502
DL	642.786	2126	326.564
DL	642.804	2126	395.862
DL	652.786	2126	323.516
DL	652.804	2126	397.435
DL	662.786	2126	324.565
DL	662.804	2126	405.938
DL	672.786	2126	334.457
DL	672.804	2126	398.504
DL	682.786	2126	333.866
DL	682.804	2126	402.666
DL	692.786	2126	335.985
DL	692.804	2126	397.626
DL	702.786	2126	338.336
DL	702.804	2126	403.644
DL	712.786	2126	337.031
DL	712.804	2126	403.965
DL	722.786	2126	334.824
DL	722.804	2126	402.424
DL	732.786	2126	336.279
DL	732.804	2126	405.988
DL	742.786	2126	331.208
DL	742.804	2126	397.523
DL	752.786	2126	334.443
DL	752.804	2126	40.292
DL	762.786	2126	329.373
DL	762.804	2126	393.889
DL	772.786	2126	331.746
DL	772.804	2126	397.414
DL	782.786	2126	335.161
DL	782.804	2126	396.628
DL	792.786	2126	334.281
DL	792.804	2126	393.036
DL	802.786	2126	325.106
DL	802.804	2126	399.092
DL	812.786	2126	320.521
DL	812.804	2126	393.967
DL	822.786	2126	318.465
DL	822.804	2126	392.579
DL	832.786	2126	318.302
DL	832.804	2126	392.139
DL	842.786	2126	313.108
DL	842.804	2126	398.127
DL	852.786	2126	312.503
DL	852.804	2126	395.658
DL	862.786	2126	320.796
DL	862.804	2126	394.764
DL	872.786	2126	317.267
DL	872.804	2126	397.369
DL	882.786	2126	326.894
DL	882.804	2126	39.872
DL	892.786	2126	318.246
DL	892.804	2126	396.396
DL	902.786	2126	308.231
DL	902.804	2126	391.835
DL	912.786	2126	309.971
DL	912.804	2126	390.386
DL	922.786	2126	307.549
DL	922.804	2126	396.606
DL	932.786	2126	298.026
DL	932.804	2126	398.207
DL	942.786	2126	296.753
DL	942.804	2126	400.496
DL	952.786	2126	290.413
DL	952.804	2126	397.614
DL	962.786	2126	294.373
DL	962.804	2126	399.146
DL	972.786	2126	299.164
DL	972.804	2126	397.937
DL	982.786	2126	293.915
DL	982.804	2126	396.218
DL	992.786	2126	300.726
DL	992.804	2126	39.948
DL	100.279	2126	302.336
DL	1.2028	2126	40.373
DL	101.279	2126	308.249
DL	1.0128	2126	402.703
DL	102.279	2126	310.563
DL	1.0228	2126	406.459
DL	103.279	2126	314.703
DL	1.0328	2126	399.518
DL	104.279	2126	305.131
DL	1.0428	2126	405.381
DL	105.279	2126	301.912
DL	1.0528	2126	404.349
DL	106.279	2126	303.418
DL	1.0628	2126	40.631
DL	107.279	2126	299.445
DL	1.0728	2126	406.096
DL	108.279	2126	302.982
DL	1.0828	2126	400.238
DL	109.279	2126	299.068
DL	1.0928	2126	402.869
DL	110.279	2126	295.172
DL	1.1028	2126	403.276
DL	111.279	2126	293.326
DL	1.1128	2126	394.957
DL	112.279	2126	287.567
DL	1.1228	2126	397.163
DL	113.279	2126	290.189
DL	1.1328	2126	393.424
DL	114.279	2126	28.827
DL	1.1428	2126	39.09
DL	115.279	2126	293.705
DL	1.1528	2126	383.378
DL	116.279	2126	289.439
DL	1.1628	2126	384.105
DL	117.279	2126	290.083
DL	1.1728	2126	382.619
DL	118.279	2126	291.712
DL	1.1828	2126	380.623
DL	119.279	2126	290.564
DL	1.1928	2126	379.619
DL	120.279	2126	289.857
DL	1.2028	2126	380.628
DL	121.279	2126	298.368
DL	1.2128	2126	377.917
DL	122.279	2126	300.002
DL	1.2228	2126	377.204
DL	123.279	2126	297.525
DL	1.2328	2126	376.957
DL	124.279	2126	299.882
DL	1.2428	2126	38.064
DL	125.279	2126	294.013
DL	1.2528	2126	389.165
DL	126.279	2126	293.741
DL	1.2628	2126	391.841
DL	127.279	2126	294.091
DL	1.2728	2126	393.706
DL	128.279	2126	285.844
DL	1.2828	2126	387.278
DL	129.279	2126	289.017
DL	1.2928	2126	381.621
DL	130.279	2126	291.365
DL	1.3028	2126	37.347
DL	131.279	2126	296.089
DL	1.3128	2126	375.636
DL	132.279	2126	30.23
DL	1.3228	2126	37.789
DL	133.279	2126	302.258
DL	1.3328	2126	375.561
DL	134.279	2126	308.039
DL	1.3428	2126	374.949
DL	135.279	2126	30.541
DL	1.3528	2126	385.235
DL	136.279	2126	306.502
DL	1.3628	2126	382.678
DL	137.279	2126	306.757
DL	1.3728	2126	38.02
DL	138.279	2126	309.559
DL	1.3828	2126	370.875
DL	139.279	2126	299.707
DL	1.3928	2126	377.541
DL	140.279	2126	29.806
DL	1.4028	2126	382.453
DL	141.279	2126	299.241
DL	1.4128	2126	392.138
DL	142.279	2126	301.751
DL	1.4228	2126	394.066
DL	143.279	2126	310.598
DL	1.4328	2126	394.504
DL	144.279	2126	31.043
DL	1.4428	2126	385.388
DL	145.279	2126	314.795
DL	1.4528	2126	384.832
DL	146.279	2126	312.776
DL	1.4628	2126	387.732
DL	147.279	2126	318.398
DL	1.4728	2126	386.669
DL	148.279	2126	320.822
DL	1.4828	2126	380.098
DL	149.279	2126	321.694
DL	1.4928	2126	382.658
DL	150.279	2126	321.658
DL	1.5028	2126	383.754
DL	151.279	2126	318.021
DL	1.5128	2126	38.745
DL	152.279	2126	32.156
DL	1.5228	2126	38.806
DL	153.279	2126	322.219
DL	1.5328	2126	384.726
DL	154.279	2126	333.176
DL	1.5428	2126	388.213
DL	155.279	2126	341.293
DL	1.5528	2126	386.138
DL	156.279	2126	338.925
DL	1.5628	2126	38.536
DL	157.279	2126	334.216
DL	1.5728	2126	389.527
DL	158.279	2126	341.076
DL	1.5828	2126	394.888
DL	159.279	2126	340.053
DL	1.5928	2126	397.333
DL	160.279	2126	343.185
DL	1.6028	2126	39.488
DL	161.279	2126	342.727
DL	1.6128	2126	400.719
DL	162.279	2126	348.611
DL	1.6228	2126	401.509
DL	163.279	2126	346.683
DL	1.6328	2126	404.291
DL	164.279	2126	338.062
DL	1.6428	2126	406.411
DL	165.279	2126	337.036
DL	1.6528	2126	399.944
DL	166.279	2126	337.113
DL	1.6628	2126	396.503
DL	167.279	2126	340.924
DL	1.6728	2126	38.739
DL	168.279	2126	350.166
DL	1.6828	2126	400.365
DL	169.279	2126	358.344
DL	1.6928	2126	400.148
DL	170.279	2126	356.322
DL	1.7028	2126	398.568
DL	171.279	2126	361.253
DL	1.7128	2126	401.506
DL	172.279	2126	366.349
DL	1.7228	2126	395.534
DL	173.279	2126	35.745
DL	1.7328	2126	391.765
DL	174.279	2126	361.404
DL	1.7428	2126	39.459
DL	175.279	2126	353.632
DL	1.7528	2126	401.668
DL	176.279	2126	353.511
DL	1.7628	2126	410.234
DL	177.279	2126	347.939
DL	1.7728	2126	407.769
DL	178.279	2126	351.776
DL	1.7828	2126	409.128
DL	179.279	2126	353.596
DL	1.7928	2126	410.114
DL	180.279	2126	350.982
DL	1.8028	2126	412.592
DL	181.279	2126	350.854
DL	1.8128	2126	415.378
DL	182.279	2126	351.876
DL	1.8228	2126	417.374
DL	183.279	2126	350.818
DL	1.8328	2126	423.668
DL	184.279	2126	353.012
DL	1.8428	2126	425.404
DL	185.279	2126	350.572
DL	1.8528	2126	415.751
DL	186.279	2126	354.323
DL	1.8628	2126	417.592
DL	187.279	2126	35.193
DL	1.8728	2126	411.536
DL	188.279	2126	353.051
DL	1.8828	2126	41.891
DL	189.279	2126	360.891
DL	1.8928	2126	412.455
DL	190.279	2126	355.149
DL	1.9028	2126	408.619
DL	191.279	2126	355.774
DL	1.9128	2126	407.669
DL	192.279	2126	363.196
DL	1.9228	2126	40.225
DL	193.279	2126	363.025
DL	1.9328	2126	404.176
DL	194.279	2126	366.253
DL	1.9428	2126	401.405
DL	195.279	2126	371.347
DL	1.9528	2126	40.194
DL	196.279	2126	375.018
DL	1.9628	2126	39.791
DL	197.279	2126	371.042
DL	1.9728	2126	397.766
DL	198.279	2126	383.189
DL	1.9828	2126	401.226
DL	199.279	2126	381.223
DL	1.9928	2126	397.589
DL	200.279	2126	382.194
DL	2.2028	2126	395.414
DL	201.279	2126	389.331
DL	2.0128	2126	396.061
DL	202.279	2126	386.686
DL	2.0228	2126	395.494
DL	203.279	2126	383.385
DL	2.0328	2126	388.284
DL	204.279	2126	379.197
DL	2.0428	2126	387.607
DL	205.279	2126	381.306
DL	2.0528	2126	389.247
DL	206.279	2126	385.429
DL	2.0628	2126	391.664
DL	207.279	2126	388.104
DL	2.0728	2126	394.252
DL	208.279	2126	384.668
DL	2.0828	2126	398.837
DL	209.279	2126	38.653
DL	2.0928	2126	397.774
DL	210.279	2126	378.398
DL	2.1028	2126	391.384
DL	211.279	2126	379.665
DL	2.1128	2126	399.827
DL	212.279	2126	370.409
DL	2.1228	2126	395.872
DL	213.279	2126	379.817
DL	2.1328	2126	395.474
DL	214.279	2126	386.088
DL	2.1428	2126	396.351
DL	215.279	2126	386.564
DL	2.1528	2126	396.431
DL	216.279	2126	394.259
DL	2.1628	2126	39.731
DL	217.279	2126	390.946
DL	2.1728	2126	391.475
DL	218.279	2126	388.938
DL	2.1828	2126	391.682
DL	219.279	2126	386.916
DL	2.1928	2126	401.381
DL	220.279	2126	391.331
DL	2.2028	2126	403.679
DL	221.279	2126	393.568
DL	2.2128	2126	408.257
DL	222.279	2126	395.896
DL	2.2228	2126	398.269
DL	223.279	2126	401.329
DL	2.2328	2126	399.658
DL	224.279	2126	406.578
DL	2.2428	2126	392.257
DL	225.279	2126	402.682
DL	2.2528	2126	391.888
DL	226.279	2126	409.337
DL	2.2628	2126	389.269
DL	227.279	2126	406.704
DL	2.2728	2126	38.887
DL	228.279	2126	405.681
DL	2.2828	2126	385.936
DL	229.279	2126	402.176
DL	2.2928	2126	385.174
DL	230.279	2126	400.823
DL	2.3028	2126	384.189
DL	231.279	2126	397.721
DL	2.3128	2126	384.283
DL	232.279	2126	394.866
DL	2.3228	2126	381.697
DL	233.279	2126	393.392
DL	2.3328	2126	386.733
DL	234.279	2126	388.386
DL	2.3428	2126	382.663
DL	235.279	2126	392.071
DL	2.3528	2126	383.014
DL	236.279	2126	397.456
DL	2.3628	2126	374.923
DL	237.279	2126	407.007
DL	2.3728	2126	378.646
DL	238.279	2126	400.058
DL	2.3828	2126	377.405
DL	239.279	2126	397.115
DL	2.3928	2126	378.172
DL	240.279	2126	399.756
DL	2.4028	2126	372.979
DL	241.279	2126	40.463
DL	2.4128	2126	376.322
DL	242.279	2126	399.194
DL	2.4228	2126	378.794
DL	243.279	2126	39.314
DL	2.4328	2126	37.645
DL	244.279	2126	396.108
DL	2.4428	2126	375.423
DL	245.279	2126	401.375
DL	2.4528	2126	381.158
DL	246.279	2126	402.062
DL	2.4628	2126	388.303
DL	247.279	2126	392.678
DL	2.4728	2126	38.905
DL	248.279	2126	395.788
DL	2.4828	2126	394.687
DL	249.279	2126	398.563
DL	2.4928	2126	385.087
DL	250.279	2126	394.969
DL	2.5028	2126	384.726
DL	251.279	2126	389.443
DL	2.5128	2126	38.381
DL	252.279	2126	385.951
DL	2.5228	2126	391.599
DL	253.279	2126	390.726
DL	2.5328	2126	394.367
DL	254.279	2126	390.487
DL	2.5428	2126	391.945
DL	255.279	2126	392.187
DL	2.5528	2126	390.787
DL	256.279	2126	38.961
DL	2.5628	2126	38.513
DL	257.279	2126	390.216
DL	2.5728	2126	383.396
DL	258.279	2126	39.978
DL	2.5828	2126	380.476
DL	259.279	2126	395.742
DL	2.5928	2126	385.483
DL	260.279	2126	390.989
DL	2.6028	2126	386.018
DL	261.279	2126	401.697
DL	2.6128	2126	386.555
DL	262.279	2126	40.511
DL	2.6228	2126	386.415
DL	263.279	2126	406.645
DL	2.6328	2126	391.326
DL	264.279	2126	408.344
DL	2.6428	2126	392.619
DL	265.279	2126	408.105
DL	2.6528	2126	397.082
DL	266.279	2126	412.298
DL	2.6628	2126	399.212
DL	267.279	2126	41.326
DL	2.6728	2126	398.884
DL	268.279	2126	413.073
DL	2.6828	2126	39.408
DL	269.279	2126	413.306
DL	2.6928	2126	400.564
DL	270.279	2126	413.411
DL	2.7028	2126	395.591
DL	271.279	2126	416.186
DL	2.7128	2126	392.962
DL	272.279	2126	421.943
DL	2.7228	2126	398.074
DL	273.279	2126	42.666
DL	2.7328	2126	395.833
DL	274.279	2126	431.882
DL	2.7428	2126	389.664
DL	275.279	2126	437.397
DL	2.7528	2126	387.482
DL	276.279	2126	434.677
DL	2.7628	2126	393.579
DL	277.279	2126	426.631
DL	2.7728	2126	390.825
DL	278.279	2126	424.966
DL	2.7828	2126	395.182
DL	279.279	2126	419.946
DL	2.7928	2126	396.454
DL	280.279	2126	426.097
DL	2.8028	2126	395.258
DL	281.279	2126	427.023
DL	2.8128	2126	396.137
DL	282.279	2126	423.359
DL	2.8228	2126	394.542
DL	283.279	2126	425.909
DL	2.8328	2126	391.803
DL	284.279	2126	426.937
DL	2.8428	2126	395.934
DL	285.279	2126	427.907
DL	2.8528	2126	400.577
DL	286.279	2126	426.317
DL	2.8628	2126	403.125
DL	287.279	2126	427.678
DL	2.8728	2126	407.224
DL	288.279	2126	426.176
DL	2.8828	2126	410.138
DL	289.279	2126	426.337
DL	2.8928	2126	409.935
DL	290.279	2126	421.917
DL	2.9028	2126	411.672
DL	291.279	2126	421.578
DL	2.9128	2126	406.601
DL	292.279	2126	419.758
DL	2.9228	2126	411.417
DL	293.279	2126	429.232
DL	2.9328	2126	408.558
DL	294.279	2126	425.553
DL	2.9428	2126	40.603
DL	295.279	2126	423.238
DL	2.9528	2126	403.792
DL	296.279	2126	424.528
DL	2.9628	2126	405.644
DL	297.279	2126	426.061
DL	2.9728	2126	405.915
DL	298.279	2126	425.251
DL	2.9828	2126	40.505
DL	299.279	2126	419.375
DL	2.9928	2126	404.144
DL	300.279	2126	419.514
DL	3.2028	2126	40.665
DL	301.279	2126	42.148
DL	3.0128	2126	404.117
DL	302.279	2126	415.395
DL	3.0228	2126	401.334
DL	303.279	2126	420.212
DL	3.0328	2126	401.463
DL	304.279	2126	418.754
DL	3.0428	2126	399.502
DL	305.279	2126	423.881
DL	3.0528	2126	402.406
DL	306.279	2126	42.253
DL	3.0628	2126	408.134
DL	307.279	2126	419.017
DL	3.0728	2126	408.191
DL	308.279	2126	415.881
DL	3.0828	2126	406.008
DL	309.279	2126	414.559
DL	3.0928	2126	399.845
DL	310.279	2126	416.024
DL	3.1028	2126	398.347
DL	311.279	2126	412.884
DL	3.1128	2126	402.061
DL	312.279	2126	410.783
DL	3.1228	2126	400.084
DL	313.279	2126	413.033
DL	3.1328	2126	413.296
DL	314.279	2126	417.156
DL	3.1428	2126	41.581
DL	315.279	2126	417.693
DL	3.1528	2126	420.203
DL	316.279	2126	414.955
DL	3.1628	2126	42.635
DL	317.279	2126	418.712
DL	3.1728	2126	427.761
DL	318.279	2126	413.636
DL	3.1828	2126	42.361
DL	319.279	2126	407.371
DL	3.1928	2126	419.987
DL	320.279	2126	403.334
DL	3.2028	2126	417.978
DL	321.279	2126	406.207
DL	3.2128	2126	41.613
DL	322.279	2126	416.198
DL	3.2228	2126	418.474
DL	323.279	2126	418.252
DL	3.2328	2126	415.809
DL	324.279	2126	417.566
DL	3.2428	2126	410.576
DL	325.279	2126	420.983
DL	3.2528	2126	411.346
DL	326.279	2126	427.431
DL	3.2628	2126	409.974
DL	327.279	2126	419.155
DL	3.2728	2126	411.939
DL	328.279	2126	41.382
DL	3.2828	2126	41.112
DL	329.279	2126	417.134
DL	3.2928	2126	415.394
DL	330.279	2126	409.577
DL	3.3028	2126	407.901
DL	331.279	2126	409.806
DL	3.3128	2126	409.319
DL	332.279	2126	416.433
DL	3.3228	2126	415.603
DL	333.279	2126	412.599
DL	3.3328	2126	418.875
DL	334.279	2126	422.207
DL	3.3428	2126	416.937
DL	335.279	2126	425.416
DL	3.3528	2126	417.121
DL	336.279	2126	423.551
DL	3.3628	2126	418.786
DL	337.279	2126	423.724
DL	3.3728	2126	427.019
DL	338.279	2126	418.963
DL	3.3828	2126	416.512
DL	339.279	2126	417.014
DL	3.3928	2126	42.542
DL	340.279	2126	423.591
DL	3.4028	2126	42.43
DL	341.279	2126	42.692
DL	3.4128	2126	431.738
DL	342.279	2126	420.901
DL	3.4228	2126	422.209
DL	343.279	2126	423.504
DL	3.4328	2126	42.037
DL	344.279	2126	422.095
DL	3.4428	2126	420.146
DL	345.279	2126	421.552
DL	3.4528	2126	421.252
DL	346.279	2126	426.023
DL	3.4628	2126	412.277
DL	347.279	2126	418.774
DL	3.4728	2126	41.134
DL	348.279	2126	421.518
DL	3.4828	2126	414.767
DL	349.279	2126	429.993
DL	3.4928	2126	418.576
DL	350.279	2126	429.771
DL	3.5028	2126	419.976
DL	351.279	2126	441.212
DL	3.5128	2126	412.523
DL	352.279	2126	439.197
DL	3.5228	2126	410.131
DL	353.279	2126	443.022
DL	3.5328	2126	424.871
DL	354.279	2126	448.844
DL	3.5428	2126	426.355
DL	355.279	2126	456.604
DL	3.5528	2126	421.838
DL	356.279	2126	457.301
DL	3.5628	2126	424.254
DL	357.279	2126	461.348
DL	3.5728	2126	424.655
DL	358.279	2126	462.205
DL	3.5828	2126	427.278
DL	359.279	2126	46.348
DL	3.5928	2126	430.974
DL	360.279	2126	461.768
DL	3.6028	2126	428.226
DL	361.279	2126	467.266
DL	3.6128	2126	430.941
DL	362.279	2126	467.534
DL	3.6228	2126	430.368
DL	363.279	2126	470.099
DL	3.6328	2126	435.045
DL	364.279	2126	469.654
DL	3.6428	2126	426.592
DL	365.279	2126	475.586
DL	3.6528	2126	415.975
DL	366.279	2126	469.725
DL	3.6628	2126	414.788
DL	367.279	2126	470.882
DL	3.6728	2126	413.899
DL	368.279	2126	474.369
DL	3.6828	2126	412.791
DL	369.279	2126	469.995
DL	3.6928	2126	415.011
DL	370.279	2126	46.984
DL	3.7028	2126	405.665
DL	371.279	2126	470.495
DL	3.7128	2126	407.729
DL	372.279	2126	466.663
DL	3.7228	2126	409.822
DL	373.279	2126	464.847
DL	3.7328	2126	410.991
DL	374.279	2126	472.622
DL	3.7428	2126	405.047
DL	375.279	2126	479.357
DL	3.7528	2126	406.845
DL	376.279	2126	484.338
DL	3.7628	2126	403.836
DL	377.279	2126	480.081
DL	3.7728	2126	404.483
DL	378.279	2126	483.932
DL	3.7828	2126	403.724
DL	379.279	2126	481.018
DL	3.7928	2126	396.531
DL	380.279	2126	485.318
DL	3.8028	2126	396.079
DL	381.279	2126	484.285
DL	3.8128	2126	39.099
DL	382.279	2126	482.736
DL	3.8228	2126	388.927
DL	383.279	2126	489.124
DL	3.8328	2126	383.846
DL	384.279	2126	487.032
DL	3.8428	2126	38.033
DL	385.279	2126	483.248
DL	3.8528	2126	377.867
DL	386.279	2126	484.073
DL	3.8628	2126	378.179
DL	387.279	2126	477.966
DL	3.8728	2126	371.272
DL	388.279	2126	482.473
DL	3.8828	2126	380.412
DL	389.279	2126	482.086
DL	3.8928	2126	381.665
DL	390.279	2126	479.841
DL	3.9028	2126	376.793
DL	391.279	2126	473.508
DL	3.9128	2126	381.318
DL	392.279	2126	470.015
DL	3.9228	2126	379.515
DL	393.279	2126	47.235
DL	3.9328	2126	378.358
DL	394.279	2126	473.822
DL	3.9428	2126	384.974
DL	395.279	2126	46.98
DL	3.9528	2126	391.575
DL	396.279	2126	465.514
DL	3.9628	2126	391.846
DL	397.279	2126	46.687
DL	3.9728	2126	395.807
DL	398.279	2126	458.619
DL	3.9828	2126	398.987
DL	399.279	2126	46.434
DL	3.9928	2126	407.456
DL	400.279	2126	462.002
DL	4.2028	2126	412.878
DL	401.279	2126	470.201
DL	4.0128	2126	411.637
DL	402.279	2126	476.668
DL	4.0228	2126	41.438
DL	403.279	2126	473.306
DL	4.0328	2126	414.527
DL	404.279	2126	478.514
DL	4.0428	2126	41.507
DL	405.279	2126	473.853
DL	4.0528	2126	418.215
DL	406.279	2126	476.443
DL	4.0628	2126	412.434
DL	407.279	2126	478.776
DL	4.0728	2126	40.808
DL	408.279	2126	483.375
DL	4.0828	2126	406.895
DL	409.279	2126	474.332
DL	4.0928	2126	41.662
DL	410.279	2126	474.356
DL	4.1028	2126	416.924
DL	411.279	2126	47.199
DL	4.1128	2126	420.727
DL	412.279	2126	475.641
DL	4.1228	2126	415.367
DL	413.279	2126	481.377
DL	4.1328	2126	417.102
DL	414.279	2126	484.069
DL	4.1428	2126	410.917
DL	415.279	2126	484.393
DL	4.1528	2126	409.357
DL	416.279	2126	483.467
DL	4.1628	2126	405.014
DL	417.279	2126	485.442
DL	4.1728	2126	405.271
DL	418.279	2126	486.342
DL	4.1828	2126	411.989
DL	419.279	2126	486.877
DL	4.1928	2126	40.211
DL	420.279	2126	484.654
DL	4.2028	2126	401.962
DL	421.279	2126	480.571
DL	4.2128	2126	405.147
DL	422.279	2126	477.532
DL	4.2228	2126	400.598
DL	423.279	2126	486.603
DL	4.2328	2126	40.458
DL	424.279	2126	485.137
DL	4.2428	2126	400.042
DL	425.279	2126	477.327
DL	4.2528	2126	403.568
DL	426.279	2126	475.983
DL	4.2628	2126	408.825
DL	427.279	2126	476.063
DL	4.2728	2126	412.011
DL	428.279	2126	472.051
DL	4.2828	2126	412.606
DL	429.279	2126	47.538
DL	4.2928	2126	409.045
DL	430.279	2126	468.898
DL	4.3028	2126	418.905
DL	431.279	2126	462.889
DL	4.3128	2126	415.655
DL	432.279	2126	465.415
DL	4.3228	2126	412.302
DL	433.279	2126	469.879
DL	4.3328	2126	408.538
DL	434.279	2126	468.029
DL	4.3428	2126	420.441
DL	435.279	2126	468.616
DL	4.3528	2126	431.403
DL	436.279	2126	467.794
DL	4.3628	2126	432.127
DL	437.279	2126	466.144
DL	4.3728	2126	426.046
DL	438.279	2126	470.659
DL	4.3828	2126	418.528
DL	439.279	2126	469.795
DL	4.3928	2126	424.072
DL	440.279	2126	465.787
DL	4.4028	2126	427.136
DL	441.279	2126	464.912
DL	4.4128	2126	432.886
DL	442.279	2126	463.037
DL	4.4228	2126	429.206
DL	443.279	2126	465.503
DL	4.4328	2126	433.929
DL	444.279	2126	461.205
DL	4.4428	2126	440.075
DL	445.279	2126	451.494
DL	4.4528	2126	433.305
DL	446.279	2126	45.197
DL	4.4628	2126	43.732
DL	447.279	2126	452.266
DL	4.4728	2126	438.402
DL	448.279	2126	449.994
DL	4.4828	2126	43.507
DL	449.279	2126	448.345
DL	4.4928	2126	435.896
DL	450.279	2126	44.969
DL	4.5028	2126	438.525
DL	451.279	2126	447.833
DL	4.5128	2126	435.027
DL	452.279	2126	457.339
DL	4.5228	2126	435.811
DL	453.279	2126	457.821
DL	4.5328	2126	439.288
DL	454.279	2126	456.503
DL	4.5428	2126	448.153
DL	455.279	2126	459.195
DL	4.5528	2126	446.907
DL	456.279	2126	463.316
DL	4.5628	2126	441.039
DL	457.279	2126	463.821
DL	4.5728	2126	443.906
DL	458.279	2126	460.124
DL	4.5828	2126	440.801
DL	459.279	2126	462.243
DL	4.5928	2126	437.308
DL	460.279	2126	473.852
DL	4.6028	2126	441.478
DL	461.279	2126	468.305
DL	4.6128	2126	437.839
DL	462.279	2126	463.356
DL	4.6228	2126	437.997
DL	463.279	2126	467.768
DL	4.6328	2126	435.336
DL	464.279	2126	467.988
DL	4.6428	2126	438.103
DL	465.279	2126	461.936
DL	4.6528	2126	430.453
DL	466.279	2126	45.983
DL	4.6628	2126	433.515
DL	467.279	2126	461.393
DL	4.6728	2126	439.455
DL	468.279	2126	458.688
DL	4.6828	2126	449.827
DL	469.279	2126	458.838
DL	4.6928	2126	450.865
DL	470.279	2126	465.622
DL	4.7028	2126	451.755
DL	471.279	2126	463.313
DL	4.7128	2126	45.775
DL	472.279	2126	466.241
DL	4.7228	2126	449.924
DL	473.279	2126	474.658
DL	4.7328	2126	448.348
DL	474.279	2126	476.847
DL	4.7428	2126	443.743
DL	475.279	2126	48.08
DL	4.7528	2126	445.791
DL	476.279	2126	484.566
DL	4.7628	2126	450.343
DL	477.279	2126	481.781
DL	4.7728	2126	449.623
DL	478.279	2126	480.052
DL	4.7828	2126	455.157
DL	479.279	2126	47.536
DL	4.7928	2126	461.592
DL	480.279	2126	47.924
DL	4.8028	2126	466.633
DL	481.279	2126	482.414
DL	4.8128	2126	474.685
DL	482.279	2126	484.095
DL	4.8228	2126	476.476
DL	483.279	2126	483.201
DL	4.8328	2126	466.182
DL	484.279	2126	479.144
DL	4.8428	2126	462.149
DL	485.279	2126	466.564
DL	4.8528	2126	464.629
DL	486.279	2126	47.322
DL	4.8628	2126	46.218
DL	487.279	2126	469.449
DL	4.8728	2126	460.012
DL	488.279	2126	472.401
DL	4.8828	2126	456.182
DL	489.279	2126	47.315
DL	4.8928	2126	458.848
DL	490.279	2126	483.927
DL	4.9028	2126	460.134
DL	491.279	2126	469.232
DL	4.9128	2126	464.075
DL	492.279	2126	466.247
DL	4.9228	2126	459.865
DL	493.279	2126	471.686
DL	4.9328	2126	466.447
DL	494.279	2126	470.814
DL	4.9428	2126	459.897
DL	495.279	2126	471.723
DL	4.9528	2126	463.648
DL	496.279	2126	474.923
DL	4.9628	2126	460.521
DL	497.279	2126	471.996
DL	4.9728	2126	458.634
DL	498.279	2126	461.213
DL	4.9828	2126	459.068
DL	499.279	2126	469.062
DL	4.9928	2126	459.564
DL	500.279	2126	464.113
DL	5.2028	2126	45.897
DL	501.279	2126	464.475
DL	5.0128	2126	451.865
DL	502.279	2126	468.414
DL	5.0228	2126	454.246
DL	503.279	2126	47.045
DL	5.0328	2126	45.731
DL	504.279	2126	462.905
DL	5.0428	2126	456.134
DL	505.279	2126	464.929
DL	5.0528	2126	453.591
DL	506.279	2126	472.526
DL	5.0628	2126	44.928
DL	507.279	2126	471.144
DL	5.0728	2126	454.506
DL	508.279	2126	466.991
DL	5.0828	2126	449.594
DL	509.279	2126	465.503
DL	5.0928	2126	441.407
DL	510.279	2126	469.371
DL	5.1028	2126	439.534
DL	511.279	2126	46.482
DL	5.1128	2126	42.862
DL	512.279	2126	459.059
DL	5.1228	2126	441.317
DL	513.279	2126	46.033
DL	5.1328	2126	438.655
DL	514.279	2126	460.394
DL	5.1428	2126	437.845
DL	515.279	2126	461.145
DL	5.1528	2126	43.319
DL	516.279	2126	462.555
DL	5.1628	2126	432.793
DL	517.279	2126	464.824
DL	5.1728	2126	440.772
DL	518.279	2126	46.298
DL	5.1828	2126	436.331
DL	519.279	2126	461.393
DL	5.1928	2126	427.234
DL	520.279	2126	461.967
DL	5.2028	2126	428.754
DL	521.279	2126	461.209
DL	5.2128	2126	426.772
DL	522.279	2126	464.719
DL	5.2228	2126	426.105
DL	523.279	2126	465.996
DL	5.2328	2126	433.641
DL	524.279	2126	465.871
DL	5.2428	2126	437.767
DL	525.279	2126	463.867
DL	5.2528	2126	433.978
DL	526.279	2126	45.992
DL	5.2628	2126	438.371
DL	527.279	2126	461.683
DL	5.2728	2126	438.069
DL	528.279	2126	457.097
DL	5.2828	2126	437.732
DL	529.279	2126	450.482
DL	5.2928	2126	428.383
DL	530.279	2126	451.417
DL	5.3028	2126	423.968
DL	531.279	2126	452.175
DL	5.3128	2126	422.436
DL	532.279	2126	454.112
DL	5.3228	2126	419.595
DL	533.279	2126	456.501
DL	5.3328	2126	42.249
DL	534.279	2126	455.965
DL	5.3428	2126	421.285
DL	535.279	2126	44.999
DL	5.3528	2126	413.103
DL	536.279	2126	451.708
DL	5.3628	2126	418.041
DL	537.279	2126	452.732
DL	5.3728	2126	41.581
DL	538.279	2126	446.696
DL	5.3828	2126	411.948
DL	539.279	2126	449.117
DL	5.3928	2126	404.728
DL	540.279	2126	44.778
DL	5.4028	2126	400.082
DL	541.279	2126	443.477
DL	5.4128	2126	395.853
DL	542.279	2126	436.414
DL	5.4228	2126	400.456
DL	543.279	2126	444.453
DL	5.4328	2126	402.885
DL	544.279	2126	437.178
DL	5.4428	2126	394.909
DL	545.279	2126	44.092
DL	5.4528	2126	398.363
DL	546.279	2126	439.019
DL	5.4628	2126	394.359
DL	547.279	2126	44.379
DL	5.4728	2126	398.668
DL	548.279	2126	442.988
DL	5.4828	2126	400.273
DL	549.279	2126	447.439
DL	5.4928	2126	400.873
DL	550.279	2126	451.393
DL	5.5028	2126	401.053
DL	551.279	2126	452.971
DL	5.5128	2126	401.665
DL	552.279	2126	447.256
DL	5.5228	2126	399.133
DL	553.279	2126	450.878
DL	5.5328	2126	399.021
DL	554.279	2126	451.695
DL	5.5428	2126	390.289
DL	555.279	2126	443.006
DL	5.5528	2126	384.923
DL	556.279	2126	441.525
DL	5.5628	2126	387.862
DL	557.279	2126	439.187
DL	5.5728	2126	380.261
DL	558.279	2126	441.085
DL	5.5828	2126	383.742
DL	559.279	2126	443.122
DL	5.5928	2126	386.566
DL	560.279	2126	447.893
DL	5.6028	2126	38.618
DL	561.279	2126	442.071
DL	5.6128	2126	385.747
DL	562.279	2126	437.337
DL	5.6228	2126	386.531
DL	563.279	2126	438.104
DL	5.6328	2126	388.487
DL	564.279	2126	440.575
DL	5.6428	2126	392.231
DL	565.279	2126	438.006
DL	5.6528	2126	389.082
DL	566.279	2126	425.836
DL	5.6628	2126	387.955
DL	567.279	2126	428.908
DL	5.6728	2126	388.714
DL	568.279	2126	430.464
DL	5.6828	2126	380.159
DL	569.279	2126	430.366
DL	5.6928	2126	375.897
DL	570.279	2126	427.173
DL	5.7028	2126	371.582
DL	571.279	2126	428.164
DL	5.7128	2126	368.042
DL	572.279	2126	426.015
DL	5.7228	2126	364.312
DL	573.279	2126	429.317
DL	5.7328	2126	364.354
DL	574.279	2126	432.894
DL	5.7428	2126	360.211
DL	575.279	2126	435.078
DL	5.7528	2126	357.617
DL	576.279	2126	443.738
DL	5.7628	2126	353.892
DL	577.279	2126	450.889
DL	5.7728	2126	355.856
DL	578.279	2126	452.423
DL	5.7828	2126	352.509
DL	579.279	2126	448.648
DL	5.7928	2126	351.927
DL	580.279	2126	445.136
DL	5.8028	2126	358.212
DL	581.279	2126	447.654
DL	5.8128	2126	360.161
DL	582.279	2126	448.245
DL	5.8228	2126	364.908
DL	583.279	2126	447.983
DL	5.8328	2126	365.038
DL	584.279	2126	445.036
DL	5.8428	2126	372.893
DL	585.279	2126	44.378
DL	5.8528	2126	377.271
DL	586.279	2126	442.833
DL	5.8628	2126	376.552
DL	587.279	2126	438.201
DL	5.8728	2126	374.432
DL	588.279	2126	435.561
DL	5.8828	2126	372.081
DL	589.279	2126	42.611
DL	5.8928	2126	377.519
DL	590.279	2126	421.261
DL	5.9028	2126	37.773
DL	591.279	2126	421.664
DL	5.9128	2126	378.027
DL	592.279	2126	42.384
DL	5.9228	2126	376.797
DL	593.279	2126	419.631
DL	5.9328	2126	376.381
DL	594.279	2126	41.683
DL	5.9428	2126	372.567
DL	595.279	2126	417.355
DL	5.9528	2126	381.249
DL	596.279	2126	418.664
DL	5.9628	2126	382.921
DL	597.279	2126	41.7
DL	5.9728	2126	380.992
DL	598.279	2126	41.726
DL	5.9828	2126	384.492
DL	599.279	2126	422.041
DL	5.9928	2126	391.424
DL	600.279	2126	420.183
DL	6.2028	2126	390.143
DL	601.279	2126	404.558
DL	6.0128	2126	378.515
DL	602.279	2126	399.676
DL	6.0228	2126	37.834
DL	603.279	2126	406.626
DL	6.0328	2126	375.815
DL	604.279	2126	404.581
DL	6.0428	2126	377.159
DL	605.279	2126	408.261
DL	6.0528	2126	370.794
DL	606.279	2126	412.614
DL	6.0628	2126	37.975
DL	607.279	2126	420.696
DL	6.0728	2126	383.529
DL	608.279	2126	425.885
DL	6.0828	2126	383.915
DL	609.279	2126	424.375
DL	6.0928	2126	381.984
DL	610.279	2126	416.644
DL	6.1028	2126	387.728
DL	611.279	2126	412.842
DL	6.1128	2126	385.481
DL	612.279	2126	41.567
DL	6.1228	2126	394.923
DL	613.279	2126	420.507
DL	6.1328	2126	395.224
DL	614.279	2126	417.101
DL	6.1428	2126	39.892
DL	615.279	2126	416.546
DL	6.1528	2126	39.8
DL	616.279	2126	414.973
DL	6.1628	2126	387.519
DL	617.279	2126	414.069
DL	6.1728	2126	391.403
DL	618.279	2126	413.185
DL	6.1828	2126	38.787
DL	619.279	2126	419.039
DL	6.1928	2126	385.204
DL	620.279	2126	42.517
DL	6.2028	2126	392.449
DL	621.279	2126	419.797
DL	6.2128	2126	394.735
DL	622.279	2126	414.637
DL	6.2228	2126	403.245
DL	623.279	2126	415.522
DL	6.2328	2126	399.121
DL	624.279	2126	418.689
DL	6.2428	2126	39.751
DL	625.279	2126	420.676
DL	6.2528	2126	402.127
DL	626.279	2126	429.064
DL	6.2628	2126	398.366
DL	627.279	2126	426.509
DL	6.2728	2126	401.348
DL	628.279	2126	425.432
DL	6.2828	2126	398.604
DL	629.279	2126	424.609
DL	6.2928	2126	39.875
DL	630.279	2126	424.578
DL	6.3028	2126	402.173
DL	631.279	2126	428.274
DL	6.3128	2126	407.127
DL	632.279	2126	434.756
DL	6.3228	2126	407.187
DL	633.279	2126	44.075
DL	6.3328	2126	403.964
DL	634.279	2126	445.756
DL	6.3428	2126	405.969
DL	635.279	2126	449.544
DL	6.3528	2126	408.721
DL	636.279	2126	451.155
DL	6.3628	2126	411.854
DL	637.279	2126	45.419
DL	6.3728	2126	417.261
DL	638.279	2126	454.239
DL	6.3828	2126	406.799
DL	639.279	2126	454.521
DL	6.3928	2126	404.893
DL	640.279	2126	450.381
DL	6.4028	2126	403.423
DL	641.279	2126	45.613
DL	6.4128	2126	403.211
DL	642.279	2126	451.089
DL	6.4228	2126	405.271
DL	643.279	2126	450.183
DL	6.4328	2126	405.207
DL	644.279	2126	45.056
DL	6.4428	2126	399.279
DL	645.279	2126	45.624
DL	6.4528	2126	395.913
DL	646.279	2126	454.477
DL	6.4628	2126	388.674
DL	647.279	2126	459.008
DL	6.4728	2126	389.601
DL	648.279	2126	456.284
DL	6.4828	2126	39.482
DL	649.279	2126	458.199
DL	6.4928	2126	390.963
DL	650.279	2126	462.232
DL	6.5028	2126	389.214
DL	651.279	2126	460.153
DL	6.5128	2126	381.433
DL	652.279	2126	455.354
DL	6.5228	2126	375.466
DL	653.279	2126	456.262
DL	6.5328	2126	375.901
DL	654.279	2126	458.601
DL	6.5428	2126	375.888
DL	655.279	2126	443.351
DL	6.5528	2126	372.272
DL	656.279	2126	444.578
DL	6.5628	2126	364.184
DL	657.279	2126	44.098
DL	6.5728	2126	367.616
DL	658.279	2126	445.801
DL	6.5828	2126	370.283
DL	659.279	2126	444.388
DL	6.5928	2126	369.829
DL	660.279	2126	452.265
DL	6.6028	2126	37.125
DL	661.279	2126	447.816
DL	6.6128	2126	375.863
DL	662.279	2126	43.787
DL	6.6228	2126	379.435
DL	663.279	2126	438.563
DL	6.6328	2126	382.357
DL	664.279	2126	431.769
DL	6.6428	2126	393.162
DL	665.279	2126	440.475
DL	6.6528	2126	39.186
DL	666.279	2126	439.218
DL	6.6628	2126	387.457
DL	667.279	2126	439.648
DL	6.6728	2126	38.614
DL	668.279	2126	43.689
DL	6.6828	2126	380.668
DL	669.279	2126	437.748
DL	6.6928	2126	380.913
DL	670.279	2126	43.818
DL	6.7028	2126	384.524
DL	671.279	2126	43.873
DL	6.7128	2126	394.542
DL	672.279	2126	436.513
DL	6.7228	2126	397.019
DL	673.279	2126	428.907
DL	6.7328	2126	391.209
DL	674.279	2126	431.185
DL	6.7428	2126	385.444
DL	675.279	2126	418.864
DL	6.7528	2126	380.114
DL	676.279	2126	425.401
DL	6.7628	2126	381.752
DL	677.279	2126	423.504
DL	6.7728	2126	381.023
DL	678.279	2126	428.619
DL	6.7828	2126	385.374
DL	679.279	2126	424.915
DL	6.7928	2126	373.926
DL	680.279	2126	421.255
DL	6.8028	2126	373.098
DL	681.279	2126	422.141
DL	6.8128	2126	377.552
DL	682.279	2126	415.417
DL	6.8228	2126	377.687
DL	683.279	2126	415.736
DL	6.8328	2126	370.136
DL	684.279	2126	402.304
DL	6.8428	2126	368.064
DL	685.279	2126	404.294
DL	6.8528	2126	363.131
DL	686.279	2126	401.838
DL	6.8628	2126	369.045
DL	687.279	2126	401.565
DL	6.8728	2126	367.559
DL	688.279	2126	404.099
DL	6.8828	2126	367.751
DL	689.279	2126	39.973
DL	6.8928	2126	36.254
DL	690.279	2126	401.899
DL	6.9028	2126	368.608
DL	691.279	2126	399.367
DL	6.9128	2126	358.137
DL	692.279	2126	404.603
DL	6.9228	2126	364.271
DL	693.279	2126	410.992
DL	6.9328	2126	366.034
DL	694.279	2126	412.725
DL	6.9428	2126	365.941
DL	695.279	2126	41.027
DL	6.9528	2126	37.359
DL	696.279	2126	406.018
DL	6.9628	2126	381.995
DL	697.279	2126	403.774
DL	6.9728	2126	385.065
DL	698.279	2126	397.094
DL	6.9828	2126	384.106
DL	699.279	2126	39.685
DL	6.9928	2126	383.097
DL	700.279	2126	387.431
DL	7.2028	2126	38.153
DL	701.279	2126	381.757
DL	7.0128	2126	386.091
DL	702.279	2126	381.363
DL	7.0228	2126	381.132
DL	703.279	2126	385.566
DL	7.0328	2126	386.043
DL	704.279	2126	386.607
DL	7.0428	2126	385.932
DL	705.279	2126	391.245
DL	7.0528	2126	379.494
DL	706.279	2126	393.664
DL	7.0628	2126	366.161
DL	707.279	2126	393.264
DL	7.0728	2126	372.781
DL	708.279	2126	383.804
DL	7.0828	2126	376.148
DL	709.279	2126	392.445
DL	7.0928	2126	379.952
DL	710.279	2126	392.955
DL	7.1028	2126	381.675
DL	711.279	2126	390.956
DL	7.1128	2126	381.436
DL	712.279	2126	384.187
DL	7.1228	2126	383.708
DL	713.279	2126	375.791
DL	7.1328	2126	376.194
DL	714.279	2126	371.158
DL	7.1428	2126	381.053
DL	715.279	2126	369.028
DL	7.1528	2126	390.694
DL	716.279	2126	365.628
DL	7.1628	2126	391.822
DL	717.279	2126	35.93
DL	7.1728	2126	389.361
DL	718.279	2126	348.076
DL	7.1828	2126	383.449
DL	719.279	2126	349.913
DL	7.1928	2126	385.808
DL	720.279	2126	350.708
DL	7.2028	2126	390.367
DL	721.279	2126	348.884
DL	7.2128	2126	388.994
DL	722.279	2126	347.739
DL	7.2228	2126	390.019
DL	723.279	2126	34.634
DL	7.2328	2126	389.158
DL	724.279	2126	34.664
DL	7.2428	2126	381.641
DL	725.279	2126	348.253
DL	7.2528	2126	382.905
DL	726.279	2126	349.958
DL	7.2628	2126	383.833
DL	727.279	2126	359.296
DL	7.2728	2126	387.734
DL	728.279	2126	361.362
DL	7.2828	2126	385.065
DL	729.279	2126	36.119
DL	7.2928	2126	382.758
DL	730.279	2126	363.544
DL	7.3028	2126	391.304
DL	731.279	2126	368.966
DL	7.3128	2126	397.667
DL	732.279	2126	36.372
DL	7.3228	2126	393.082
DL	733.279	2126	361.725
DL	7.3328	2126	385.824
DL	734.279	2126	365.597
DL	7.3428	2126	387.598
DL	735.279	2126	356.446
DL	7.3528	2126	394.967
DL	736.279	2126	359.199
DL	7.3628	2126	386.609
DL	737.279	2126	371.321
DL	7.3728	2126	385.654
DL	738.279	2126	371.864
DL	7.3828	2126	391.598
DL	739.279	2126	37.677
DL	7.3928	2126	390.748
DL	740.279	2126	366.028
DL	7.4028	2126	394.632
DL	741.279	2126	368.728
DL	7.4128	2126	395.887
DL	742.279	2126	370.342
DL	7.4228	2126	394.141
DL	743.279	2126	370.188
DL	7.4328	2126	399.668
DL	744.279	2126	366.404
DL	7.4428	2126	40.21
DL	745.279	2126	364.414
DL	7.4528	2126	406.064
DL	746.279	2126	359.638
DL	7.4628	2126	409.881
DL	747.279	2126	365.558
DL	7.4728	2126	407.455
DL	748.279	2126	367.819
DL	7.4828	2126	412.986
DL	749.279	2126	367.941
DL	7.4928	2126	419.285
DL	750.279	2126	362.563
DL	7.5028	2126	419.582
DL	751.279	2126	358.461
DL	7.5128	2126	41.784
DL	752.279	2126	348.498
DL	7.5228	2126	417.829
DL	753.279	2126	34.819
DL	7.5328	2126	418.103
DL	754.279	2126	352.604
DL	7.5428	2126	421.091
DL	755.279	2126	345.239
DL	7.5528	2126	426.332
DL	756.279	2126	33.761
DL	7.5628	2126	431.942
DL	757.279	2126	336.178
DL	7.5728	2126	426.628
DL	758.279	2126	336.344
DL	7.5828	2126	425.803
DL	759.279	2126	34.125
DL	7.5928	2126	425.124
DL	760.279	2126	344.355
DL	7.6028	2126	424.447
DL	761.279	2126	341.652
DL	7.6128	2126	424.036
DL	762.279	2126	339.034
DL	7.6228	2126	422.952
DL	763.279	2126	340.846
DL	7.6328	2126	43.087
DL	764.279	2126	349.373
DL	7.6428	2126	435.917
DL	765.279	2126	346.255
DL	7.6528	2126	424.429
DL	766.279	2126	347.435
DL	7.6628	2126	426.655
DL	767.279	2126	346.871
DL	7.6728	2126	419.842
DL	768.279	2126	351.332
DL	7.6828	2126	420.303
DL	769.279	2126	346.786
DL	7.6928	2126	412.712
DL	770.279	2126	344.087
DL	7.7028	2126	414.097
DL	771.279	2126	344.838
DL	7.7128	2126	418.859
DL	772.279	2126	341.097
DL	7.7228	2126	421.956
DL	773.279	2126	34.035
DL	7.7328	2126	42.741
DL	774.279	2126	341.954
DL	7.7428	2126	425.831
DL	775.279	2126	344.371
DL	7.7528	2126	425.525
DL	776.279	2126	347.834
DL	7.7628	2126	43.101
DL	777.279	2126	346.775
DL	7.7728	2126	44.425
DL	778.279	2126	347.394
DL	7.7828	2126	439.759
DL	779.279	2126	355.957
DL	7.7928	2126	437.219
DL	780.279	2126	359.796
DL	7.8028	2126	430.857
DL	781.279	2126	364.337
DL	7.8128	2126	427.624
DL	782.279	2126	365.237
DL	7.8228	2126	423.971
DL	783.279	2126	36.609
DL	7.8328	2126	428.835
DL	784.279	2126	368.621
DL	7.8428	2126	423.721
DL	785.279	2126	366.983
DL	7.8528	2126	422.978
DL	786.279	2126	363.024
DL	7.8628	2126	435.319
DL	787.279	2126	363.754
DL	7.8728	2126	435.962
DL	788.279	2126	363.499
DL	7.8828	2126	439.013
DL	789.279	2126	369.212
DL	7.8928	2126	44.153
DL	790.279	2126	374.774
DL	7.9028	2126	444.056
DL	791.279	2126	37.296
DL	7.9128	2126	439.524
DL	792.279	2126	367.063
DL	7.9228	2126	435.046
DL	793.279	2126	364.482
DL	7.9328	2126	432.707
DL	794.279	2126	36.029
DL	7.9428	2126	426.774
DL	795.279	2126	359.597
DL	7.9528	2126	418.471
DL	796.279	2126	363.707
DL	7.9628	2126	411.948
DL	797.279	2126	363.561
DL	7.9728	2126	416.661
DL	798.279	2126	366.281
DL	7.9828	2126	413.555
DL	799.279	2126	365.094
DL	7.9928	2126	410.303
DL	800.279	2126	364.159
DL	8.2028	2126	412.276
DL	801.279	2126	361.199
DL	8.0128	2126	410.319
DL	802.279	2126	362.649
DL	8.0228	2126	411.953
DL	803.279	2126	358.595
DL	8.0328	2126	409.974
DL	804.279	2126	352.406
DL	8.0428	2126	405.368
DL	805.279	2126	359.097
DL	8.0528	2126	40.472
DL	806.279	2126	361.158
DL	8.0628	2126	398.949
DL	807.279	2126	356.047
DL	8.0728	2126	406.262
DL	808.279	2126	351.822
DL	8.0828	2126	400.674
DL	809.279	2126	349.354
DL	8.0928	2126	405.163
DL	810.279	2126	351.532
DL	8.1028	2126	402.548
DL	811.279	2126	346.625
DL	8.1128	2126	405.399
DL	812.279	2126	347.929
DL	8.1228	2126	408.416
DL	813.279	2126	342.421
DL	8.1328	2126	408.626
DL	814.279	2126	352.625
DL	8.1428	2126	407.454
DL	815.279	2126	357.978
DL	8.1528	2126	406.116
DL	816.279	2126	353.429
DL	8.1628	2126	410.511
DL	817.279	2126	352.226
DL	8.1728	2126	41.534
DL	818.279	2126	344.653
DL	8.1828	2126	41.582
DL	819.279	2126	340.678
DL	8.1928	2126	417.095
DL	820.279	2126	341.956
DL	8.2028	2126	41.28
DL	821.279	2126	339.855
DL	8.2128	2126	412.677
DL	822.279	2126	339.235
DL	8.2228	2126	41.012
DL	823.279	2126	337.652
DL	8.2328	2126	414.154
DL	824.279	2126	335.309
DL	8.2428	2126	411.521
DL	825.279	2126	339.562
DL	8.2528	2126	407.563
DL	826.279	2126	343.824
DL	8.2628	2126	402.566
DL	827.279	2126	354.999
DL	8.2728	2126	40.246
DL	828.279	2126	356.969
DL	8.2828	2126	40.366
DL	829.279	2126	360.288
DL	8.2928	2126	405.622
DL	830.279	2126	367.047
DL	8.3028	2126	408.613
DL	831.279	2126	366.189
DL	8.3128	2126	401.408
DL	832.279	2126	373.245
DL	8.3228	2126	401.607
DL	833.279	2126	376.514
DL	8.3328	2126	399.084
DL	834.279	2126	378.807
DL	8.3428	2126	399.907
DL	835.279	2126	383.406
DL	8.3528	2126	39.854
DL	836.279	2126	383.826
DL	8.3628	2126	40.116
DL	837.279	2126	382.713
DL	8.3728	2126	408.706
DL	838.279	2126	387.004
DL	8.3828	2126	419.573
DL	839.279	2126	387.385
DL	8.3928	2126	42.315
DL	840.279	2126	38.192
DL	8.4028	2126	427.973
DL	841.279	2126	382.492
DL	8.4128	2126	428.501
DL	842.279	2126	380.632
DL	8.4228	2126	426.039
DL	843.279	2126	382.513
DL	8.4328	2126	423.321
DL	844.279	2126	378.972
DL	8.4428	2126	420.531
DL	845.279	2126	365.009
DL	8.4528	2126	422.537
DL	846.279	2126	366.762
DL	8.4628	2126	41.69
DL	847.279	2126	375.472
DL	8.4728	2126	42.124
DL	848.279	2126	383.105
DL	8.4828	2126	417.992
DL	849.279	2126	38.146
DL	8.4928	2126	41.846
DL	850.279	2126	383.909
DL	8.5028	2126	415.706
DL	851.279	2126	389.154
DL	8.5128	2126	412.083
DL	852.279	2126	385.824
DL	8.5228	2126	414.365
DL	853.279	2126	388.582
DL	8.5328	2126	417.932
DL	854.279	2126	383.919
DL	8.5428	2126	420.868
DL	855.279	2126	385.925
DL	8.5528	2126	417.896
DL	856.279	2126	385.601
DL	8.5628	2126	41.757
DL	857.279	2126	379.858
DL	8.5728	2126	417.746
DL	858.279	2126	378.878
DL	8.5828	2126	415.185
DL	859.279	2126	381.131
DL	8.5928	2126	418.714
DL	860.279	2126	379.444
DL	8.6028	2126	417.549
DL	861.279	2126	367.773
DL	8.6128	2126	424.749
DL	862.279	2126	365.684
DL	8.6228	2126	420.874
DL	863.279	2126	360.704
DL	8.6328	2126	41.967
DL	864.279	2126	359.962
DL	8.6428	2126	41.78
DL	865.279	2126	357.528
DL	8.6528	2126	423.218
DL	866.279	2126	356.677
DL	8.6628	2126	421.665
DL	867.279	2126	357.979
DL	8.6728	2126	418.473
DL	868.279	2126	354.137
DL	8.6828	2126	427.705
DL	869.279	2126	352.946
DL	8.6928	2126	421.783
DL	870.279	2126	356.334
DL	8.7028	2126	419.363
DL	871.279	2126	359.074
DL	8.7128	2126	427.072
DL	872.279	2126	360.247
DL	8.7228	2126	427.705
DL	873.279	2126	37.116
DL	8.7328	2126	430.087
DL	874.279	2126	37.413
DL	8.7428	2126	423.882
DL	875.279	2126	375.883
DL	8.7528	2126	42.667
DL	876.279	2126	376.193
DL	8.7628	2126	417.181
DL	877.279	2126	378.274
DL	8.7728	2126	413.034
DL	878.279	2126	377.793
DL	8.7828	2126	416.791
DL	879.279	2126	381.998
DL	8.7928	2126	416.775
DL	880.279	2126	385.509
DL	8.8028	2126	419.697
DL	881.279	2126	389.016
DL	8.8128	2126	413.713
DL	882.279	2126	38.995
DL	8.8228	2126	409.478
DL	883.279	2126	386.924
DL	8.8328	2126	415.078
DL	884.279	2126	384.793
DL	8.8428	2126	41.426
DL	885.279	2126	381.275
DL	8.8528	2126	415.545
DL	886.279	2126	387.431
DL	8.8628	2126	409.254
DL	887.279	2126	385.504
DL	8.8728	2126	406.216
DL	888.279	2126	384.307
DL	8.8828	2126	412.148
DL	889.279	2126	386.431
DL	8.8928	2126	409.153
DL	890.279	2126	381.853
DL	8.9028	2126	404.696
DL	891.279	2126	384.044
DL	8.9128	2126	405.759
DL	892.279	2126	385.774
DL	8.9228	2126	397.036
DL	893.279	2126	382.116
DL	8.9328	2126	400.902
DL	894.279	2126	384.908
DL	8.9428	2126	41.184
DL	895.279	2126	387.642
DL	8.9528	2126	412.976
DL	896.279	2126	387.923
DL	8.9628	2126	417.186
DL	897.279	2126	394.469
DL	8.9728	2126	42.04
DL	898.279	2126	390.717
DL	8.9828	2126	425.192
DL	899.279	2126	404.851
DL	8.9928	2126	423.233
DL	900.279	2126	40.869
DL	9.2028	2126	426.953
DL	901.279	2126	405.452
DL	9.0128	2126	430.422
DL	902.279	2126	401.272
DL	9.0228	2126	420.458
DL	903.279	2126	399.948
DL	9.0328	2126	428.547
DL	904.279	2126	403.177
DL	9.0428	2126	421.684
DL	905.279	2126	401.761
DL	9.0528	2126	427.616
DL	906.279	2126	398.676
DL	9.0628	2126	429.813
DL	907.279	2126	395.399
DL	9.0728	2126	435.969
DL	908.279	2126	381.147
DL	9.0828	2126	434.751
DL	909.279	2126	38.245
DL	9.0928	2126	437.968
DL	910.279	2126	376.143
DL	9.1028	2126	44.027
DL	911.279	2126	369.696
DL	9.1128	2126	44.967
DL	912.279	2126	371.812
DL	9.1228	2126	44.706
DL	913.279	2126	375.444
DL	9.1328	2126	44.606
DL	914.279	2126	372.834
DL	9.1428	2126	451.289
DL	915.279	2126	370.214
DL	9.1528	2126	44.232
DL	916.279	2126	379.619
DL	9.1628	2126	444.698
DL	917.279	2126	37.684
DL	9.1728	2126	446.644
DL	918.279	2126	381.803
DL	9.1828	2126	456.976
DL	919.279	2126	386.814
DL	9.1928	2126	44.936
DL	920.279	2126	382.638
DL	9.2028	2126	443.673
DL	921.279	2126	381.562
DL	9.2128	2126	441.581
DL	922.279	2126	377.345
DL	9.2228	2126	439.104
DL	923.279	2126	371.046
DL	9.2328	2126	437.646
DL	924.279	2126	372.021
DL	9.2428	2126	429.979
DL	925.279	2126	368.154
DL	9.2528	2126	42.7
DL	926.279	2126	360.564
DL	9.2628	2126	429.154
DL	927.279	2126	361.177
DL	9.2728	2126	417.938
DL	928.279	2126	360.557
DL	9.2828	2126	409.926
DL	929.279	2126	356.721
DL	9.2928	2126	413.748
DL	930.279	2126	351.807
DL	9.3028	2126	411.891
DL	931.279	2126	35.225
DL	9.3128	2126	408.749
DL	932.279	2126	357.954
DL	9.3228	2126	411.298
DL	933.279	2126	356.157
DL	9.3328	2126	411.284
DL	934.279	2126	35.57
DL	9.3428	2126	412.385
DL	935.279	2126	353.887
DL	9.3528	2126	415.066
DL	936.279	2126	356.708
DL	9.3628	2126	41.529
DL	937.279	2126	357.883
DL	9.3728	2126	410.529
DL	938.279	2126	360.163
DL	9.3828	2126	412.422
DL	939.279	2126	357.061
DL	9.3928	2126	413.599
DL	940.279	2126	359.453
DL	9.4028	2126	412.045
DL	941.279	2126	356.091
DL	9.4128	2126	403.224
DL	942.279	2126	357.147
DL	9.4228	2126	408.086
DL	943.279	2126	35.574
DL	9.4328	2126	405.004
DL	944.279	2126	360.879
DL	9.4428	2126	402.323
DL	945.279	2126	366.224
DL	9.4528	2126	400.975
DL	946.279	2126	366.406
DL	9.4628	2126	401.089
DL	947.279	2126	372.763
DL	9.4728	2126	408.363
DL	948.279	2126	367.794
DL	9.4828	2126	403.523
DL	949.279	2126	374.607
DL	9.4928	2126	400.857
DL	950.279	2126	372.904
DL	9.5028	2126	398.237
DL	951.279	2126	372.739
DL	9.5128	2126	392.627
DL	952.279	2126	36.77
DL	9.5228	2126	390.026
DL	953.279	2126	368.295
DL	9.5328	2126	394.634
DL	954.279	2126	371.565
DL	9.5428	2126	392.429
DL	955.279	2126	374.278
DL	9.5528	2126	392.852
DL	956.279	2126	37.393
DL	9.5628	2126	396.806
DL	957.279	2126	375.235
DL	9.5728	2126	387.079
DL	958.279	2126	374.282
DL	9.5828	2126	385.116
DL	959.279	2126	377.867
DL	9.5928	2126	377.869
DL	960.279	2126	373.528
DL	9.6028	2126	373.623
DL	961.279	2126	371.414
DL	9.6128	2126	368.753
DL	962.279	2126	371.319
DL	9.6228	2126	37.162
DL	963.279	2126	368.865
DL	9.6328	2126	378.518
DL	964.279	2126	371.725
DL	9.6428	2126	381.515
DL	965.279	2126	372.931
DL	9.6528	2126	385.739
DL	966.279	2126	373.292
DL	9.6628	2126	388.083
DL	967.279	2126	37.837
DL	9.6728	2126	39.171
DL	968.279	2126	381.182
DL	9.6828	2126	388.641
DL	969.279	2126	376.796
DL	9.6928	2126	400.431
DL	970.279	2126	375.732
DL	9.7028	2126	403.687
DL	971.279	2126	36.435
DL	9.7128	2126	404.575
DL	972.279	2126	359.094
DL	9.7228	2126	406.204
DL	973.279	2126	350.809
DL	9.7328	2126	407.079
DL	974.279	2126	34.996
DL	9.7428	2126	39.793
DL	975.279	2126	356.222
DL	9.7528	2126	38.843
DL	976.279	2126	360.157
DL	9.7628	2126	387.425
DL	977.279	2126	352.638
DL	9.7728	2126	380.528
DL	978.279	2126	349.425
DL	9.7828	2126	37.089
DL	979.279	2126	349.684
DL	9.7928	2126	361.251
DL	980.279	2126	353.581
DL	9.8028	2126	359.676
DL	981.279	2126	34.939
DL	9.8128	2126	367.207
DL	982.279	2126	341.305
DL	9.8228	2126	370.071
DL	983.279	2126	345.098
DL	9.8328	2126	366.852
DL	984.279	2126	348.822
DL	9.8428	2126	375.119
DL	985.279	2126	347.251
DL	9.8528	2126	383.364
DL	986.279	2126	350.162
DL	9.8628	2126	387.249
DL	987.279	2126	35.113
DL	9.8728	2126	387.794
DL	988.279	2126	350.388
DL	9.8828	2126	379.804
DL	989.279	2126	350.295
DL	9.8928	2126	379.878
DL	990.279	2126	346.462
DL	9.9028	2126	382.023
DL	991.279	2126	34.237
DL	9.9128	2126	37.846
DL	992.279	2126	342.691
DL	9.9228	2126	382.377
DL	993.279	2126	349.169
DL	9.9328	2126	377.941
DL	994.279	2126	352.482
DL	9.9428	2126	380.656
DL	995.279	2126	354.042
DL	9.9528	2126	383.336
DL	996.279	2126	355.444
DL	9.9628	2126	38.529
DL	997.279	2126	360.625
DL	9.9728	2126	389.535
DL	998.279	2126	371.393
DL	9.9828	2126	390.812
DL	999.279	2126	363.662
DL	9.9928	2126	393.418
DL	10.2028	2126	361.705
DL	10.2028	2126	391.474
DL	10.0128	2126	355.991
DL	10.0128	2126	397.871
DL	10.0228	2126	357.066
DL	10.0228	2126	39.921
DL	10.0328	2126	358.035
DL	10.0328	2126	40.229
DL	10.0428	2126	352.629
DL	10.0428	2126	404.846
DL	10.0528	2126	356.742
DL	10.0528	2126	414.718
DL	10.0628	2126	353.313
DL	10.0628	2126	420.259
DL	10.0728	2126	361.362
DL	10.0728	2126	405.061
DL	10.0828	2126	368.999
DL	10.0828	2126	403.706
DL	10.0928	2126	367.957
DL	10.0928	2126	397.282
DL	10.1028	2126	36.725
DL	10.1028	2126	397.372
DL	10.1128	2126	363.008
DL	10.1128	2126	398.571
DL	10.1228	2126	369.767
DL	10.1228	2126	398.341
DL	10.1328	2126	375.089
DL	10.1328	2126	397.926
DL	10.1428	2126	381.483
DL	10.1428	2126	395.898
DL	10.1528	2126	385.965
DL	10.1528	2126	386.867
DL	10.1628	2126	390.548
DL	10.1628	2126	390.144
DL	10.1728	2126	391.421
DL	10.1728	2126	386.297
DL	10.1828	2126	383.432
DL	10.1828	2126	383.749
DL	10.1928	2126	380.572
DL	10.1928	2126	37.89
DL	10.2028	2126	393.213
DL	10.2028	2126	382.582
DL	10.2128	2126	387.182
DL	10.2128	2126	383.258
DL	10.2228	2126	391.093
DL	10.2228	2126	378.338
DL	10.2328	2126	391.972
DL	10.2328	2126	381.602
DL	10.2428	2126	390.961
DL	10.2428	2126	383.045
DL	10.2528	2126	391.432
DL	10.2528	2126	37.833
DL	10.2628	2126	396.255
DL	10.2628	2126	382.494
DL	10.2728	2126	390.184
DL	10.2728	2126	386.304
DL	10.2828	2126	393.152
DL	10.2828	2126	381.427
DL	10.2928	2126	397.605
DL	10.2928	2126	381.344
DL	10.3028	2126	393.347
DL	10.3028	2126	375.509
DL	10.3128	2126	392.474
DL	10.3128	2126	373.164
DL	10.3228	2126	393.505
DL	10.3228	2126	375.207
DL	10.3328	2126	399.123
DL	10.3328	2126	378.435
DL	10.3428	2126	394.658
DL	10.3428	2126	378.151
DL	10.3528	2126	399.099
DL	10.3528	2126	372.236
DL	10.3628	2126	405.489
DL	10.3628	2126	369.921
DL	10.3728	2126	408.959
DL	10.3728	2126	361.327
DL	10.3828	2126	413.519
DL	10.3828	2126	363.039
DL	10.3928	2126	409.698
DL	10.3928	2126	358.492
DL	10.4028	2126	408.035
DL	10.4028	2126	359.683
DL	10.4128	2126	409.025
DL	10.4128	2126	369.082
DL	10.4228	2126	404.797
DL	10.4228	2126	360.299
DL	10.4328	2126	40.935
DL	10.4328	2126	361.725
DL	10.4428	2126	410.187
DL	10.4428	2126	362.986
DL	10.4528	2126	408.915
DL	10.4528	2126	365.212
DL	10.4628	2126	404.105
DL	10.4628	2126	367.755
DL	10.4728	2126	407.741
DL	10.4728	2126	365.541
DL	10.4828	2126	40.604
DL	10.4828	2126	369.536
DL	10.4928	2126	406.988
DL	10.4928	2126	377.296
DL	10.5028	2126	416.332
DL	10.5028	2126	377.615
DL	10.5128	2126	406.823
DL	10.5128	2126	382.629
DL	10.5228	2126	412.635
DL	10.5228	2126	385.046
DL	10.5328	2126	413.409
DL	10.5328	2126	387.067
DL	10.5428	2126	409.138
DL	10.5428	2126	394.511
DL	10.5528	2126	411.629
DL	10.5528	2126	396.083
DL	10.5628	2126	411.378
DL	10.5628	2126	377.675
DL	10.5728	2126	413.517
DL	10.5728	2126	386.674
DL	10.5828	2126	407.708
DL	10.5828	2126	388.613
DL	10.5928	2126	405.483
DL	10.5928	2126	384.695
DL	10.6028	2126	407.733
DL	10.6028	2126	390.473
DL	10.6128	2126	404.799
DL	10.6128	2126	390.521
DL	10.6228	2126	408.394
DL	10.6228	2126	390.792
DL	10.6328	2126	408.791
DL	10.6328	2126	38.686
DL	10.6428	2126	413.513
DL	10.6428	2126	395.101
DL	10.6528	2126	416.867
DL	10.6528	2126	39.236
DL	10.6628	2126	412.028
DL	10.6628	2126	386.448
DL	10.6728	2126	423.051
DL	10.6728	2126	385.957
DL	10.6828	2126	425.236
DL	10.6828	2126	388.719
DL	10.6928	2126	430.028
DL	10.6928	2126	389.417
DL	10.7028	2126	429.478
DL	10.7028	2126	385.427
DL	10.7128	2126	425.366
DL	10.7128	2126	380.119
DL	10.7228	2126	421.718
DL	10.7228	2126	385.236
DL	10.7328	2126	415.445
DL	10.7328	2126	382.933
DL	10.7428	2126	418.378
DL	10.7428	2126	377.459
DL	10.7528	2126	421.568
DL	10.7528	2126	369.935
DL	10.7628	2126	420.975
DL	10.7628	2126	369.321
DL	10.7728	2126	427.487
DL	10.7728	2126	371.342
DL	10.7828	2126	42.088
DL	10.7828	2126	379.332
DL	10.7928	2126	421.089
DL	10.7928	2126	376.202
DL	10.8028	2126	428.052
DL	10.8028	2126	374.311
DL	10.8128	2126	443.525
DL	10.8128	2126	371.854
DL	10.8228	2126	442.513
DL	10.8228	2126	36.71
DL	10.8328	2126	44.621
DL	10.8328	2126	368.512
DL	10.8428	2126	450.667
DL	10.8428	2126	360.413
DL	10.8528	2126	448.668
DL	10.8528	2126	354.358
DL	10.8628	2126	448.343
DL	10.8628	2126	355.884
DL	10.8728	2126	447.642
DL	10.8728	2126	367.313
DL	10.8828	2126	451.375
DL	10.8828	2126	367.331
DL	10.8928	2126	445.128
DL	10.8928	2126	368.112
DL	10.9028	2126	439.478
DL	10.9028	2126	364.131
DL	10.9128	2126	437.971
DL	10.9128	2126	35.888
DL	10.9228	2126	42.847
DL	10.9228	2126	362.412
DL	10.9328	2126	424.743
DL	10.9328	2126	355.421
DL	10.9428	2126	426.975
DL	10.9428	2126	358.129
DL	10.9528	2126	430.816
DL	10.9528	2126	363.059
DL	10.9628	2126	426.471
DL	10.9628	2126	365.914
DL	10.9728	2126	422.724
DL	10.9728	2126	365.835
DL	10.9828	2126	426.441
DL	10.9828	2126	36.905
DL	10.9928	2126	429.555
DL	10.9928	2126	370.748
DL	11.2028	2126	430.848
DL	11.2028	2126	366.614
DL	11.0128	2126	427.134
DL	11.0128	2126	365.382
DL	11.0228	2126	428.386
DL	11.0228	2126	367.323
DL	11.0328	2126	421.539
DL	11.0328	2126	367.518
DL	11.0428	2126	420.274
DL	11.0428	2126	362.635
DL	11.0528	2126	42.189
DL	11.0528	2126	368.776
DL	11.0628	2126	423.079
DL	11.0628	2126	372.876
DL	11.0728	2126	424.065
DL	11.0728	2126	367.136
DL	11.0828	2126	422.492
DL	11.0828	2126	368.382
DL	11.0928	2126	421.487
DL	11.0928	2126	368.198
DL	11.1028	2126	42.429
DL	11.1028	2126	364.152
DL	11.1128	2126	422.881
DL	11.1128	2126	363.776
DL	11.1228	2126	42.175
DL	11.1228	2126	362.266
DL	11.1328	2126	428.845
DL	11.1328	2126	361.363
DL	11.1428	2126	419.453
DL	11.1428	2126	358.722
DL	11.1528	2126	412.353
DL	11.1528	2126	363.583
DL	11.1628	2126	415.516
DL	11.1628	2126	367.129
DL	11.1728	2126	402.329
DL	11.1728	2126	372.224
DL	11.1828	2126	402.347
DL	11.1828	2126	370.813
DL	11.1928	2126	406.207
DL	11.1928	2126	37.562
DL	11.2028	2126	405.084
DL	11.2028	2126	371.904
DL	11.2128	2126	40.476
DL	11.2128	2126	371.217
DL	11.2228	2126	396.041
DL	11.2228	2126	373.974
DL	11.2328	2126	406.344
DL	11.2328	2126	373.616
DL	11.2428	2126	408.336
DL	11.2428	2126	370.241
DL	11.2528	2126	404.258
DL	11.2528	2126	375.411
DL	11.2628	2126	401.139
DL	11.2628	2126	373.179
DL	11.2728	2126	407.307
DL	11.2728	2126	376.901
DL	11.2828	2126	400.559
DL	11.2828	2126	377.104
DL	11.2928	2126	396.569
DL	11.2928	2126	376.887
DL	11.3028	2126	389.279
DL	11.3028	2126	37.192
DL	11.3128	2126	385.313
DL	11.3128	2126	361.884
DL	11.3228	2126	383.404
DL	11.3228	2126	356.277
DL	11.3328	2126	380.526
DL	11.3328	2126	352.045
DL	11.3428	2126	390.526
DL	11.3428	2126	358.159
DL	11.3528	2126	396.941
DL	11.3528	2126	365.371
DL	11.3628	2126	39.419
DL	11.3628	2126	368.102
DL	11.3728	2126	404.726
DL	11.3728	2126	365.736
DL	11.3828	2126	402.698
DL	11.3828	2126	363.335
DL	11.3928	2126	405.286
DL	11.3928	2126	364.448
DL	11.4028	2126	389.965
DL	11.4028	2126	369.614
DL	11.4128	2126	387.909
DL	11.4128	2126	371.633
DL	11.4228	2126	383.885
DL	11.4228	2126	371.606
DL	11.4328	2126	387.577
DL	11.4328	2126	375.128
DL	11.4428	2126	390.446
DL	11.4428	2126	376.197
DL	11.4528	2126	386.612
DL	11.4528	2126	368.129
DL	11.4628	2126	386.196
DL	11.4628	2126	367.929
DL	11.4728	2126	385.149
DL	11.4728	2126	366.936
DL	11.4828	2126	388.354
DL	11.4828	2126	369.961
DL	11.4928	2126	395.944
DL	11.4928	2126	376.123
DL	11.5028	2126	392.829
DL	11.5028	2126	373.034
DL	11.5128	2126	397.003
DL	11.5128	2126	363.404
DL	11.5228	2126	400.393
DL	11.5228	2126	358.217
DL	11.5328	2126	400.765
DL	11.5328	2126	35.891
DL	11.5428	2126	397.921
DL	11.5428	2126	351.635
DL	11.5528	2126	399.966
DL	11.5528	2126	345.568
DL	11.5628	2126	390.308
DL	11.5628	2126	348.858
DL	11.5728	2126	39.355
DL	11.5728	2126	344.702
DL	11.5828	2126	391.808
DL	11.5828	2126	346.862
DL	11.5928	2126	383.079
DL	11.5928	2126	353.635
DL	11.6028	2126	384.099
DL	11.6028	2126	351.441
DL	11.6128	2126	389.378
DL	11.6128	2126	347.438
DL	11.6228	2126	390.026
DL	11.6228	2126	354.725
DL	11.6328	2126	389.359
DL	11.6328	2126	357.682
DL	11.6428	2126	400.967
DL	11.6428	2126	358.485
DL	11.6528	2126	393.297
DL	11.6528	2126	35.356
DL	11.6628	2126	397.241
DL	11.6628	2126	353.957
DL	11.6728	2126	399.642
DL	11.6728	2126	349.196
DL	11.6828	2126	400.976
DL	11.6828	2126	346.198
DL	11.6928	2126	393.703
DL	11.6928	2126	351.422
DL	11.7028	2126	397.345
DL	11.7028	2126	357.681
DL	11.7128	2126	410.901
DL	11.7128	2126	358.017
DL	11.7228	2126	414.756
DL	11.7228	2126	360.322
DL	11.7328	2126	411.511
DL	11.7328	2126	359.893
DL	11.7428	2126	412.972
DL	11.7428	2126	357.834
DL	11.7528	2126	416.493
DL	11.7528	2126	361.441
DL	11.7628	2126	420.678
DL	11.7628	2126	363.854
DL	11.7728	2126	42.64
DL	11.7728	2126	362.479
DL	11.7828	2126	424.814
DL	11.7828	2126	368.163
DL	11.7928	2126	428.179
DL	11.7928	2126	366.328
DL	11.8028	2126	428.698
DL	11.8028	2126	371.771
DL	11.8128	2126	433.316
DL	11.8128	2126	374.616
DL	11.8228	2126	430.009
DL	11.8228	2126	376.441
DL	11.8328	2126	42.694
DL	11.8328	2126	377.986
DL	11.8428	2126	435.464
DL	11.8428	2126	38.747
DL	11.8528	2126	431.311
DL	11.8528	2126	401.305
DL	11.8628	2126	432.417
DL	11.8628	2126	401.893
DL	11.8728	2126	431.886
DL	11.8728	2126	401.332
DL	11.8828	2126	432.376
DL	11.8828	2126	401.133
DL	11.8928	2126	429.285
DL	11.8928	2126	396.618
DL	11.9028	2126	426.154
DL	11.9028	2126	396.576
DL	11.9128	2126	42.021
DL	11.9128	2126	395.069
DL	11.9228	2126	414.952
DL	11.9228	2126	391.033
DL	11.9328	2126	418.813
DL	11.9328	2126	387.274
DL	11.9428	2126	416.904
DL	11.9428	2126	393.435
DL	11.9528	2126	41.856
DL	11.9528	2126	39.449
DL	11.9628	2126	417.918
DL	11.9628	2126	397.707
DL	11.9728	2126	416.636
DL	11.9728	2126	389.911
DL	11.9828	2126	416.665
DL	11.9828	2126	397.513
DL	11.9928	2126	410.618
DL	11.9928	2126	387.873
DL	12.2028	2126	406.475
DL	12.2028	2126	39.47
DL	12.0128	2126	401.478
DL	12.0128	2126	397.211
DL	12.0228	2126	403.721
DL	12.0228	2126	396.803
DL	12.0328	2126	411.223
DL	12.0328	2126	402.173
DL	12.0428	2126	40.237
DL	12.0428	2126	395.846
DL	12.0528	2126	400.235
DL	12.0528	2126	401.269
DL	12.0628	2126	398.878
DL	12.0628	2126	401.971
DL	12.0728	2126	394.977
DL	12.0728	2126	404.129
DL	12.0828	2126	396.278
DL	12.0828	2126	400.713
DL	12.0928	2126	385.705
DL	12.0928	2126	402.604
DL	12.1028	2126	387.803
DL	12.1028	2126	405.139
DL	12.1128	2126	384.795
DL	12.1128	2126	394.877
DL	12.1228	2126	383.904
DL	12.1228	2126	395.187
DL	12.1328	2126	377.757
DL	12.1328	2126	399.426
DL	12.1428	2126	383.198
DL	12.1428	2126	39.88
DL	12.1528	2126	386.496
DL	12.1528	2126	392.455
DL	12.1628	2126	376.208
DL	12.1628	2126	392.809
DL	12.1728	2126	379.304
DL	12.1728	2126	385.465
DL	12.1828	2126	375.508
DL	12.1828	2126	382.789
DL	12.1928	2126	376.057
DL	12.1928	2126	39.897
DL	12.2028	2126	376.884
DL	12.2028	2126	40.067
DL	12.2128	2126	381.678
DL	12.2128	2126	408.078
DL	12.2228	2126	389.247
DL	12.2228	2126	404.584
DL	12.2328	2126	392.822
DL	12.2328	2126	405.495
DL	12.2428	2126	38.959
DL	12.2428	2126	410.304
DL	12.2528	2126	391.365
DL	12.2528	2126	408.758
DL	12.2628	2126	390.036
DL	12.2628	2126	409.374
DL	12.2728	2126	392.003
DL	12.2728	2126	406.562
DL	12.2828	2126	399.359
DL	12.2828	2126	396.899
DL	12.2928	2126	393.463
DL	12.2928	2126	400.608
DL	12.3028	2126	39.587
DL	12.3028	2126	394.946
DL	12.3128	2126	397.698
DL	12.3128	2126	394.951
DL	12.3228	2126	402.794
DL	12.3228	2126	395.083
DL	12.3328	2126	409.088
DL	12.3328	2126	394.194
DL	12.3428	2126	407.191
DL	12.3428	2126	394.738
DL	12.3528	2126	392.801
DL	12.3528	2126	396.186
DL	12.3628	2126	397.427
DL	12.3628	2126	395.485
DL	12.3728	2126	39.625
DL	12.3728	2126	391.717
DL	12.3828	2126	395.822
DL	12.3828	2126	394.374
DL	12.3928	2126	398.957
DL	12.3928	2126	401.303
DL	12.4028	2126	399.428
DL	12.4028	2126	398.546
DL	12.4128	2126	397.517
DL	12.4128	2126	396.164
DL	12.4228	2126	403.194
DL	12.4228	2126	398.961
DL	12.4328	2126	401.613
DL	12.4328	2126	392.873
DL	12.4428	2126	403.347
DL	12.4428	2126	388.587
DL	12.4528	2126	394.397
DL	12.4528	2126	400.468
DL	12.4628	2126	393.074
DL	12.4628	2126	398.832
DL	12.4728	2126	391.047
DL	12.4728	2126	403.237
DL	12.4828	2126	393.806
DL	12.4828	2126	411.202
DL	12.4928	2126	394.297
DL	12.4928	2126	406.293
DL	12.5028	2126	390.821
DL	12.5028	2126	403.569
DL	12.5128	2126	391.026
DL	12.5128	2126	403.843
DL	12.5228	2126	387.355
DL	12.5228	2126	404.486
DL	12.5328	2126	387.342
DL	12.5328	2126	403.771
DL	12.5428	2126	389.554
DL	12.5428	2126	406.599
DL	12.5528	2126	388.871
DL	12.5528	2126	410.205
DL	12.5628	2126	392.478
DL	12.5628	2126	413.109
DL	12.5728	2126	393.025
DL	12.5728	2126	419.427
DL	12.5828	2126	391.034
DL	12.5828	2126	408.598
DL	12.5928	2126	386.464
DL	12.5928	2126	411.563
DL	12.6028	2126	386.616
DL	12.6028	2126	41.345
DL	12.6128	2126	401.166
DL	12.6128	2126	414.336
DL	12.6228	2126	39.914
DL	12.6228	2126	416.096
DL	12.6328	2126	406.227
DL	12.6328	2126	411.457
DL	12.6428	2126	40.278
DL	12.6428	2126	407.076
DL	12.6528	2126	403.535
DL	12.6528	2126	416.135
DL	12.6628	2126	407.041
DL	12.6628	2126	419.539
DL	12.6728	2126	406.745
DL	12.6728	2126	41.906
DL	12.6828	2126	406.279
DL	12.6828	2126	413.549
DL	12.6928	2126	405.629
DL	12.6928	2126	41.004
DL	12.7028	2126	399.873
DL	12.7028	2126	414.215
DL	12.7128	2126	394.337
DL	12.7128	2126	419.564
DL	12.7228	2126	39.205
DL	12.7228	2126	416.534
DL	12.7328	2126	390.557
DL	12.7328	2126	414.626
DL	12.7428	2126	392.667
DL	12.7428	2126	404.895
DL	12.7528	2126	38.704
DL	12.7528	2126	405.246
DL	12.7628	2126	391.253
DL	12.7628	2126	408.511
DL	12.7728	2126	392.218
DL	12.7728	2126	418.453
DL	12.7828	2126	386.639
DL	12.7828	2126	420.656
DL	12.7928	2126	383.587
DL	12.7928	2126	415.431
DL	12.8028	2126	380.246
DL	12.8028	2126	41.428
DL	12.8128	2126	374.604
DL	12.8128	2126	417.124
DL	12.8228	2126	376.362
DL	12.8228	2126	419.569
DL	12.8328	2126	381.045
DL	12.8328	2126	422.921
DL	12.8428	2126	380.642
DL	12.8428	2126	42.592
DL	12.8528	2126	375.679
DL	12.8528	2126	420.419
DL	12.8628	2126	379.023
DL	12.8628	2126	410.542
DL	12.8728	2126	38.133
DL	12.8728	2126	412.688
DL	12.8828	2126	387.483
DL	12.8828	2126	418.817
DL	12.8928	2126	392.531
DL	12.8928	2126	413.766
DL	12.9028	2126	393.032
DL	12.9028	2126	410.061
DL	12.9128	2126	385.446
DL	12.9128	2126	413.666
DL	12.9228	2126	396.564
DL	12.9228	2126	40.681
DL	12.9328	2126	397.333
DL	12.9328	2126	407.395
DL	12.9428	2126	396.824
DL	12.9428	2126	404.486
DL	12.9528	2126	393.263
DL	12.9528	2126	408.095
DL	12.9628	2126	397.742
DL	12.9628	2126	403.944
DL	12.9728	2126	403.024
DL	12.9728	2126	404.688
DL	12.9828	2126	401.902
DL	12.9828	2126	405.406
DL	12.9928	2126	400.916
DL	12.9928	2126	393.052
DL	130.028	2126	399.791
DL	130.028	2126	393.045
DL	130.128	2126	400.186
DL	130.128	2126	385.322
DL	130.228	2126	399.932
DL	130.228	2126	381.222
DL	130.328	2126	398.282
DL	130.328	2126	384.259
DL	130.428	2126	390.966
DL	130.428	2126	39.136
DL	130.528	2126	388.561
DL	130.528	2126	385.339
DL	130.628	2126	388.971
DL	130.628	2126	387.913
DL	130.728	2126	391.817
DL	130.728	2126	390.069
DL	130.828	2126	386.513
DL	130.828	2126	392.476
DL	130.928	2126	386.619
DL	130.928	2126	389.534
DL	131.028	2126	393.987
DL	131.028	2126	381.725
DL	131.128	2126	393.879
DL	131.128	2126	382.712
DL	131.228	2126	394.506
DL	131.228	2126	380.888
DL	131.328	2126	38.974
DL	131.328	2126	374.576
DL	131.428	2126	394.755
DL	131.428	2126	372.353
DL	131.528	2126	390.925
DL	131.528	2126	378.204
DL	131.628	2126	392.153
DL	131.628	2126	382.066
DL	131.728	2126	394.385
DL	131.728	2126	388.437
DL	131.828	2126	397.135
DL	131.828	2126	384.026
DL	131.928	2126	394.921
DL	131.928	2126	381.567
DL	132.028	2126	387.219
DL	132.028	2126	374.059
DL	132.128	2126	385.898
DL	132.128	2126	372.711
DL	132.228	2126	397.225
DL	132.228	2126	37.577
DL	132.328	2126	400.714
DL	132.328	2126	375.883
DL	132.428	2126	395.799
DL	132.428	2126	377.805
DL	132.528	2126	393.428
DL	132.528	2126	375.797
DL	132.628	2126	388.731
DL	132.628	2126	373.349
DL	132.728	2126	390.732
DL	132.728	2126	368.467
DL	132.828	2126	390.099
DL	132.828	2126	361.683
DL	132.928	2126	386.774
DL	132.928	2126	360.964
DL	133.028	2126	39.419
DL	133.028	2126	361.063
DL	133.128	2126	410.178
DL	133.128	2126	359.446
DL	133.228	2126	413.266
DL	133.228	2126	359.342
DL	133.328	2126	405.697
DL	133.328	2126	359.546
DL	133.428	2126	401.478
DL	133.428	2126	356.101
DL	133.528	2126	402.064
DL	133.528	2126	357.416
DL	133.628	2126	403.694
DL	133.628	2126	35.603
DL	133.728	2126	401.827
DL	133.728	2126	356.948
DL	133.828	2126	405.798
DL	133.828	2126	360.072
DL	133.928	2126	403.186
DL	133.928	2126	363.207
DL	134.028	2126	40.51
DL	134.028	2126	370.568
DL	134.128	2126	395.358
DL	134.128	2126	379.438
DL	134.228	2126	39.637
DL	134.228	2126	380.546
DL	134.328	2126	396.625
DL	134.328	2126	380.636
DL	134.428	2126	392.984
DL	134.428	2126	387.109
DL	134.528	2126	396.743
DL	134.528	2126	39.287
DL	134.628	2126	395.068
DL	134.628	2126	390.903
DL	134.728	2126	390.787
DL	134.728	2126	39.212
DL	134.828	2126	390.493
DL	134.828	2126	393.488
DL	134.928	2126	393.679
DL	134.928	2126	396.764
DL	135.028	2126	395.696
DL	135.028	2126	39.93
DL	135.128	2126	395.875
DL	135.128	2126	405.534
DL	135.228	2126	397.101
DL	135.228	2126	411.528
DL	135.328	2126	394.727
DL	135.328	2126	42.134
DL	135.428	2126	393.964
DL	135.428	2126	423.328
DL	135.528	2126	398.585
DL	135.528	2126	425.747
DL	135.628	2126	398.748
DL	135.628	2126	416.756
DL	135.728	2126	396.909
DL	135.728	2126	416.459
DL	135.828	2126	394.231
DL	135.828	2126	416.533
DL	135.928	2126	396.436
DL	135.928	2126	407.408
DL	136.028	2126	394.479
DL	136.028	2126	407.047
DL	136.128	2126	391.529
DL	136.128	2126	407.321
DL	136.228	2126	390.688
DL	136.228	2126	413.086
DL	136.328	2126	386.659
DL	136.328	2126	412.466
DL	136.428	2126	390.735
DL	136.428	2126	413.288
DL	136.528	2126	395.679
DL	136.528	2126	415.297
DL	136.628	2126	390.594
DL	136.628	2126	418.055
DL	136.728	2126	386.778
DL	136.728	2126	424.761
DL	136.828	2126	386.072
DL	136.828	2126	429.408
DL	136.928	2126	380.587
DL	136.928	2126	431.732
DL	137.028	2126	376.965
DL	137.028	2126	434.188
DL	137.128	2126	378.074
DL	137.128	2126	441.987
DL	137.228	2126	380.863
DL	137.228	2126	447.794
DL	137.328	2126	381.377
DL	137.328	2126	453.947
DL	137.428	2126	384.825
DL	137.428	2126	450.829
DL	137.528	2126	374.576
DL	137.528	2126	453.715
DL	137.628	2126	375.571
DL	137.628	2126	45.195
DL	137.728	2126	37.385
DL	137.728	2126	449.043
DL	137.828	2126	379.947
DL	137.828	2126	45.182
DL	137.928	2126	381.081
DL	137.928	2126	443.288
DL	138.028	2126	380.675
DL	138.028	2126	441.978
DL	138.128	2126	388.017
DL	138.128	2126	439.845
DL	138.228	2126	384.661
DL	138.228	2126	430.381
DL	138.328	2126	385.052
DL	138.328	2126	427.848
DL	138.428	2126	389.292
DL	138.428	2126	421.338
DL	138.528	2126	390.006
DL	138.528	2126	420.133
DL	138.628	2126	389.135
DL	138.628	2126	414.046
DL	138.728	2126	393.488
DL	138.728	2126	413.216
DL	138.828	2126	388.293
DL	138.828	2126	424.922
DL	138.928	2126	381.289
DL	138.928	2126	423.416
DL	139.028	2126	374.058
DL	139.028	2126	42.251
DL	139.128	2126	372.998
DL	139.128	2126	420.705
DL	139.228	2126	382.624
DL	139.228	2126	412.386
DL	139.328	2126	385.204
DL	139.328	2126	411.301
DL	139.428	2126	394.177
DL	139.428	2126	405.359
DL	139.528	2126	398.455
DL	139.528	2126	40.591
DL	139.628	2126	403.225
DL	139.628	2126	401.597
DL	139.728	2126	401.527
DL	139.728	2126	40.052
DL	139.828	2126	396.541
DL	139.828	2126	400.996
DL	139.928	2126	395.626
DL	139.928	2126	400.753
DL	140.028	2126	393.969
DL	140.028	2126	400.266
DL	140.128	2126	385.313
DL	140.128	2126	399.794
DL	140.228	2126	38.357
DL	140.228	2126	402.485
DL	140.328	2126	38.32
DL	140.328	2126	405.832
DL	140.428	2126	377.063
DL	140.428	2126	400.914
DL	140.528	2126	367.896
DL	140.528	2126	397.757
DL	140.628	2126	365.875
DL	140.628	2126	400.523
DL	140.728	2126	371.127
DL	140.728	2126	401.755
DL	140.828	2126	370.268
DL	140.828	2126	40.042
DL	140.928	2126	368.884
DL	140.928	2126	403.059
DL	141.028	2126	372.457
DL	141.028	2126	413.922
DL	141.128	2126	370.004
DL	141.128	2126	411.282
DL	141.228	2126	369.958
DL	141.228	2126	403.955
DL	141.328	2126	369.272
DL	141.328	2126	415.943
DL	141.428	2126	367.172
DL	141.428	2126	413.504
DL	141.528	2126	364.858
DL	141.528	2126	41.05
DL	141.628	2126	358.583
DL	141.628	2126	405.272
DL	141.728	2126	360.499
DL	141.728	2126	406.549
DL	141.828	2126	35.529
DL	141.828	2126	40.649
DL	141.928	2126	356.201
DL	141.928	2126	404.576
DL	142.028	2126	360.377
DL	142.028	2126	405.538
DL	142.128	2126	36.506
DL	142.128	2126	400.519
DL	142.228	2126	370.385
DL	142.228	2126	401.486
DL	142.328	2126	371.619
DL	142.328	2126	402.342
DL	142.428	2126	369.326
DL	142.428	2126	405.505
DL	142.528	2126	37.446
DL	142.528	2126	400.291
DL	142.628	2126	379.108
DL	142.628	2126	387.383
DL	142.728	2126	375.109
DL	142.728	2126	388.725
DL	142.828	2126	373.405
DL	142.828	2126	387.889
DL	142.928	2126	372.403
DL	142.928	2126	386.617
DL	143.028	2126	372.592
DL	143.028	2126	382.036
DL	143.128	2126	36.848
DL	143.128	2126	390.205
DL	143.228	2126	357.549
DL	143.228	2126	386.412
DL	143.328	2126	359.547
DL	143.328	2126	386.703
DL	143.428	2126	357.944
DL	143.428	2126	387.037
DL	143.528	2126	35.957
DL	143.528	2126	39.206
DL	143.628	2126	355.812
DL	143.628	2126	396.167
DL	143.728	2126	353.151
DL	143.728	2126	395.731
DL	143.828	2126	354.174
DL	143.828	2126	393.121
DL	143.928	2126	362.805
DL	143.928	2126	393.022
DL	144.028	2126	362.651
DL	144.028	2126	394.536
DL	144.128	2126	365.353
DL	144.128	2126	397.759
DL	144.228	2126	36.225
DL	144.228	2126	402.478
DL	144.328	2126	371.576
DL	144.328	2126	401.089
DL	144.428	2126	371.737
DL	144.428	2126	407.751
DL	144.528	2126	372.415
DL	144.528	2126	410.403
DL	144.628	2126	37.478
DL	144.628	2126	413.896
DL	144.728	2126	371.578
DL	144.728	2126	406.699
DL	144.828	2126	367.595
DL	144.828	2126	413.733
DL	144.928	2126	359.272
DL	144.928	2126	41.299
DL	145.028	2126	36.458
DL	145.028	2126	408.511
DL	145.128	2126	361.114
DL	145.128	2126	41.137
DL	145.228	2126	364.209
DL	145.228	2126	412.597
DL	145.328	2126	362.981
DL	145.328	2126	417.782
DL	145.428	2126	363.642
DL	145.428	2126	419.612
DL	145.528	2126	361.364
DL	145.528	2126	416.408
DL	145.628	2126	353.857
DL	145.628	2126	423.171
DL	145.728	2126	359.117
DL	145.728	2126	415.781
DL	145.828	2126	362.615
DL	145.828	2126	40.893
DL	145.928	2126	364.646
DL	145.928	2126	403.726
DL	146.028	2126	364.308
DL	146.028	2126	404.246
DL	146.128	2126	367.219
DL	146.128	2126	407.298
DL	146.228	2126	371.877
DL	146.228	2126	396.587
DL	146.328	2126	366.389
DL	146.328	2126	396.402
DL	146.428	2126	366.272
DL	146.428	2126	39.023
DL	146.528	2126	361.339
DL	146.528	2126	389.697
DL	146.628	2126	359.495
DL	146.628	2126	388.628
DL	146.728	2126	361.865
DL	146.728	2126	388.205
DL	146.828	2126	362.441
DL	146.828	2126	392.493
DL	146.928	2126	364.124
DL	146.928	2126	39.378
DL	147.028	2126	36.237
DL	147.028	2126	392.576
DL	147.128	2126	365.022
DL	147.128	2126	395.223
DL	147.228	2126	361.271
DL	147.228	2126	405.836
DL	147.328	2126	354.757
DL	147.328	2126	403.706
DL	147.428	2126	359.891
DL	147.428	2126	404.458
DL	147.528	2126	367.499
DL	147.528	2126	403.579
DL	147.628	2126	364.982
DL	147.628	2126	409.474
DL	147.728	2126	36.397
DL	147.728	2126	403.873
DL	147.828	2126	365.396
DL	147.828	2126	403.412
DL	147.928	2126	369.925
DL	147.928	2126	405.719
DL	148.028	2126	372.011
DL	148.028	2126	400.818
DL	148.128	2126	364.535
DL	148.128	2126	401.334
DL	148.228	2126	360.791
DL	148.228	2126	406.083
DL	148.328	2126	365.434
DL	148.328	2126	409.012
DL	148.428	2126	370.251
DL	148.428	2126	417.159
DL	148.528	2126	372.921
DL	148.528	2126	418.866
DL	148.628	2126	366.565
DL	148.628	2126	423.794
DL	148.728	2126	363.294
DL	148.728	2126	427.855
DL	148.828	2126	365.875
DL	148.828	2126	418.638
DL	148.928	2126	364.472
DL	148.928	2126	421.345
DL	149.028	2126	365.857
DL	149.028	2126	425.756
DL	149.128	2126	367.106
DL	149.128	2126	422.644
DL	149.228	2126	361.129
DL	149.228	2126	42.708
DL	149.328	2126	356.255
DL	149.328	2126	433.823
DL	149.428	2126	363.037
DL	149.428	2126	435.144
DL	149.528	2126	36.302
DL	149.528	2126	430.969
DL	149.628	2126	364.727
DL	149.628	2126	428.548
DL	149.728	2126	35.593
DL	149.728	2126	428.192
DL	149.828	2126	360.977
DL	149.828	2126	427.107
DL	149.928	2126	359.353
DL	149.928	2126	433.687
DL	150.028	2126	357.991
DL	150.028	2126	434.459
DL	150.128	2126	367.441
DL	150.128	2126	441.153
DL	150.228	2126	36.96
DL	150.228	2126	436.055
DL	150.328	2126	362.482
DL	150.328	2126	433.036
DL	150.428	2126	367.746
DL	150.428	2126	429.993
DL	150.528	2126	365.162
DL	150.528	2126	427.604
DL	150.628	2126	361.814
DL	150.628	2126	434.464
DL	150.728	2126	366.444
DL	150.728	2126	436.668
DL	150.828	2126	373.706
DL	150.828	2126	439.143
DL	150.928	2126	369.671
DL	150.928	2126	441.432
DL	151.028	2126	37.15
DL	151.028	2126	442.097
DL	151.128	2126	372.097
DL	151.128	2126	44.574
DL	151.228	2126	370.747
DL	151.228	2126	445.838
DL	151.328	2126	366.148
DL	151.328	2126	445.667
DL	151.428	2126	36.353
DL	151.428	2126	446.337
DL	151.528	2126	357.251
DL	151.528	2126	447.626
DL	151.628	2126	361.604
DL	151.628	2126	439.922
DL	151.728	2126	364.886
DL	151.728	2126	438.879
DL	151.828	2126	370.574
DL	151.828	2126	438.785
DL	151.928	2126	365.543
DL	151.928	2126	436.869
DL	152.028	2126	365.422
DL	152.028	2126	437.111
DL	152.128	2126	370.832
DL	152.128	2126	441.588
DL	152.228	2126	364.798
DL	152.228	2126	437.457
DL	152.328	2126	363.991
DL	152.328	2126	432.358
DL	152.428	2126	366.632
DL	152.428	2126	438.713
DL	152.528	2126	361.933
DL	152.528	2126	431.043
DL	152.628	2126	361.126
DL	152.628	2126	42.736
DL	152.728	2126	372.059
DL	152.728	2126	41.899
DL	152.828	2126	370.315
DL	152.828	2126	41.876
DL	152.928	2126	363.745
DL	152.928	2126	415.311
DL	153.028	2126	367.188
DL	153.028	2126	425.845
DL	153.128	2126	366.767
DL	153.128	2126	421.334
DL	153.228	2126	368.917
DL	153.228	2126	425.185
DL	153.328	2126	372.866
DL	153.328	2126	43.021
DL	153.428	2126	368.997
DL	153.428	2126	434.749
DL	153.528	2126	37.562
DL	153.528	2126	428.677
DL	153.628	2126	375.573
DL	153.628	2126	424.387
DL	153.728	2126	37.591
DL	153.728	2126	420.997
DL	153.828	2126	377.941
DL	153.828	2126	425.352
DL	153.928	2126	380.809
DL	153.928	2126	425.091
DL	154.028	2126	380.112
DL	154.028	2126	425.604
DL	154.128	2126	383.684
DL	154.128	2126	419.866
DL	154.228	2126	383.141
DL	154.228	2126	412.629
DL	154.328	2126	377.088
DL	154.328	2126	40.774
DL	154.428	2126	378.707
DL	154.428	2126	405.401
DL	154.528	2126	37.211
DL	154.528	2126	411.977
DL	154.628	2126	360.574
DL	154.628	2126	410.666