DL/UL	time	tbSize	SINR(dB)
UL	503.571	88	380247
UL	505.357	88	435701
UL	350.357	88	388717
UL	350.536	88	439634
UL	407.857	2126	390725
UL	408.036	2126	434068
UL	507.857	2126	396293
UL	508.036	2126	428984
UL	607.857	2126	395051
UL	608.036	2126	429303
UL	707.857	2126	398506
UL	708.036	2126	429668
UL	807.857	2126	399418
UL	808.036	2126	431913
UL	907.857	2126	410644
UL	908.036	2126	435233
UL	100.786	2126	406681
UL	100.804	2126	439047
UL	110.786	2126	415755
UL	110.804	2126	440227
UL	120.786	2126	409805
UL	120.804	2126	438271
UL	130.786	2126	411128
UL	130.804	2126	439399
UL	140.786	2126	406546
UL	140.804	2126	440832
UL	150.786	2126	402528
UL	150.804	2126	438763
UL	160.786	2126	405403
UL	160.804	2126	434341
UL	170.786	2126	409567
UL	170.804	2126	430656
UL	180.786	2126	399888
UL	180.804	2126	429717
UL	190.786	2126	409069
UL	190.804	2126	429262
UL	200.786	2126	407721
UL	200.804	2126	434332
UL	210.786	2126	404237
UL	210.804	2126	431694
UL	220.786	2126	410618
UL	220.804	2126	425164
UL	230.786	2126	40567
UL	230.804	2126	433825
UL	240.786	2126	401572
UL	240.804	2126	435848
UL	250.786	2126	402958
UL	250.804	2126	441751
UL	260.786	2126	394754
UL	260.804	2126	428527
UL	270.786	2126	397916
UL	270.804	2126	426923
UL	280.786	2126	389629
UL	280.804	2126	424102
UL	290.786	2126	386707
UL	290.804	2126	427247
UL	300.786	2126	383397
UL	300.804	2126	436166
UL	310.786	2126	385022
UL	310.804	2126	430097
UL	320.786	2126	380742
UL	320.804	2126	422516
UL	330.786	2126	382122
UL	330.804	2126	42574
UL	340.786	2126	381556
UL	340.804	2126	425135
UL	350.786	2126	373187
UL	350.804	2126	415897
UL	360.786	2126	371602
UL	360.804	2126	405352
UL	370.786	2126	369149
UL	370.804	2126	405409
UL	380.786	2126	357451
UL	380.804	2126	40164
UL	390.786	2126	347425
UL	390.804	2126	397389
UL	400.786	2126	348573
UL	400.804	2126	395611
UL	410.786	2126	35209
UL	410.804	2126	399123
UL	420.786	2126	360743
UL	420.804	2126	401748
UL	430.786	2126	359309
UL	430.804	2126	400747
UL	440.786	2126	35473
UL	440.804	2126	402471
UL	450.786	2126	350548
UL	450.804	2126	403329
UL	460.786	2126	344405
UL	460.804	2126	410468
UL	470.786	2126	337925
UL	470.804	2126	405529
UL	480.786	2126	340556
UL	480.804	2126	397925
UL	490.786	2126	334793
UL	490.804	2126	401138
UL	500.786	2126	339249
UL	500.804	2126	400798
UL	510.786	2126	336445
UL	510.804	2126	399645
UL	520.786	2126	334772
UL	520.804	2126	401879
UL	530.786	2126	340232
UL	530.804	2126	403116
UL	540.786	2126	337892
UL	540.804	2126	401247
UL	550.786	2126	337117
UL	550.804	2126	40232
UL	560.786	2126	333921
UL	560.804	2126	413901
UL	570.786	2126	334016
UL	570.804	2126	410445
UL	580.786	2126	321039
UL	580.804	2126	40755
UL	590.786	2126	320665
UL	590.804	2126	401239
UL	600.786	2126	317648
UL	600.804	2126	40232
UL	610.786	2126	311396
UL	610.804	2126	395938
UL	620.786	2126	318419
UL	620.804	2126	399954
UL	630.786	2126	321882
UL	630.804	2126	394635
UL	640.786	2126	327833
UL	640.804	2126	39581
UL	650.786	2126	32285
UL	650.804	2126	399883
UL	660.786	2126	323352
UL	660.804	2126	405348
UL	670.786	2126	329637
UL	670.804	2126	401267
UL	680.786	2126	333179
UL	680.804	2126	399589
UL	690.786	2126	338683
UL	690.804	2126	396837
UL	700.786	2126	339297
UL	700.804	2126	404794
UL	710.786	2126	337308
UL	710.804	2126	404836
UL	720.786	2126	336879
UL	720.804	2126	40346
UL	730.786	2126	338561
UL	730.804	2126	402816
UL	740.786	2126	333572
UL	740.804	2126	400004
UL	750.786	2126	334792
UL	750.804	2126	402899
UL	760.786	2126	329223
UL	760.804	2126	397318
UL	770.786	2126	330119
UL	770.804	2126	39924
UL	780.786	2126	334881
UL	780.804	2126	396646
UL	790.786	2126	334536
UL	790.804	2126	392756
UL	800.786	2126	328439
UL	800.804	2126	401167
UL	810.786	2126	321378
UL	810.804	2126	393987
UL	820.786	2126	319891
UL	820.804	2126	390835
UL	830.786	2126	313733
UL	830.804	2126	390139
UL	840.786	2126	313668
UL	840.804	2126	395173
UL	850.786	2126	310368
UL	850.804	2126	394941
UL	860.786	2126	319417
UL	860.804	2126	398763
UL	870.786	2126	31.78
UL	870.804	2126	399799
UL	880.786	2126	325628
UL	880.804	2126	396539
UL	890.786	2126	323745
UL	890.804	2126	392654
UL	900.786	2126	308385
UL	900.804	2126	391645
UL	910.786	2126	30713
UL	910.804	2126	389935
UL	920.786	2126	306195
UL	920.804	2126	39232
UL	930.786	2126	29758
UL	930.804	2126	398515
UL	940.786	2126	295896
UL	940.804	2126	400951
UL	950.786	2126	292696
UL	950.804	2126	39939
UL	960.786	2126	295658
UL	960.804	2126	398961
UL	970.786	2126	297106
UL	970.804	2126	39989
UL	980.786	2126	294543
UL	980.804	2126	396665
UL	990.786	2126	299506
UL	990.804	2126	399457
UL	100.079	2126	30429
UL	1.2008	2126	404055
UL	101.079	2126	307878
UL	1.0108	2126	403145
UL	102.079	2126	309058
UL	1.0208	2126	404979
UL	103.079	2126	311226
UL	1.0308	2126	400814
UL	104.079	2126	30691
UL	1.0408	2126	40524
UL	105.079	2126	303105
UL	1.0508	2126	403599
UL	106.079	2126	30208
UL	1.0608	2126	401601
UL	107.079	2126	298564
UL	1.0708	2126	406277
UL	108.079	2126	300211
UL	1.0808	2126	399282
UL	109.079	2126	299921
UL	1.0908	2126	403975
UL	110.079	2126	295425
UL	1.1008	2126	402978
UL	111.079	2126	291925
UL	1.1108	2126	395974
UL	112.079	2126	289433
UL	1.1208	2126	395529
UL	113.079	2126	289985
UL	1.1308	2126	395796
UL	114.079	2126	287486
UL	1.1408	2126	38904
UL	115.079	2126	294604
UL	1.1508	2126	386132
UL	116.079	2126	293103
UL	1.1608	2126	382665
UL	117.079	2126	288567
UL	1.1708	2126	382829
UL	118.079	2126	290985
UL	1.1808	2126	380134
UL	119.079	2126	292467
UL	1.1908	2126	382382
UL	120.079	2126	289845
UL	1.2008	2126	379126
UL	121.079	2126	296342
UL	1.2108	2126	377265
UL	122.079	2126	29883
UL	1.2208	2126	37741
UL	123.079	2126	297483
UL	1.2308	2126	380599
UL	124.079	2126	298789
UL	1.2408	2126	376817
UL	125.079	2126	298457
UL	1.2508	2126	388189
UL	126.079	2126	294812
UL	1.2608	2126	393305
UL	127.079	2126	294313
UL	1.2708	2126	390573
UL	128.079	2126	287271
UL	1.2808	2126	389635
UL	129.079	2126	284697
UL	1.2908	2126	382096
UL	130.079	2126	290796
UL	1.3008	2126	374296
UL	131.079	2126	295458
UL	1.3108	2126	374032
UL	132.079	2126	300571
UL	1.3208	2126	375326
UL	133.079	2126	303111
UL	1.3308	2126	378046
UL	134.079	2126	305681
UL	1.3408	2126	375946
UL	135.079	2126	301583
UL	1.3508	2126	382093
UL	136.079	2126	307911
UL	1.3608	2126	382866
UL	137.079	2126	307897
UL	1.3708	2126	379924
UL	138.079	2126	306783
UL	1.3808	2126	372595
UL	139.079	2126	301038
UL	1.3908	2126	374587
UL	140.079	2126	298879
UL	1.4008	2126	379821
UL	141.079	2126	298504
UL	1.4108	2126	389085
UL	142.079	2126	300869
UL	1.4208	2126	394163
UL	143.079	2126	313845
UL	1.4308	2126	395124
UL	144.079	2126	310591
UL	1.4408	2126	386231
UL	145.079	2126	315141
UL	1.4508	2126	384759
UL	146.079	2126	312571
UL	1.4608	2126	389645
UL	147.079	2126	316545
UL	1.4708	2126	386411
UL	148.079	2126	320624
UL	1.4808	2126	38168
UL	149.079	2126	318361
UL	1.4908	2126	384087
UL	150.079	2126	322224
UL	1.5008	2126	383846
UL	151.079	2126	321628
UL	1.5108	2126	389139
UL	152.079	2126	324719
UL	1.5208	2126	38768
UL	153.079	2126	32054
UL	1.5308	2126	382868
UL	154.079	2126	333201
UL	1.5408	2126	386849
UL	155.079	2126	337835
UL	1.5508	2126	38595
UL	156.079	2126	338819
UL	1.5608	2126	385711
UL	157.079	2126	336305
UL	1.5708	2126	390739
UL	158.079	2126	340192
UL	1.5808	2126	394535
UL	159.079	2126	338632
UL	1.5908	2126	398838
UL	160.079	2126	344046
UL	1.6008	2126	39822
UL	161.079	2126	34182
UL	1.6108	2126	396992
UL	162.079	2126	345905
UL	1.6208	2126	40524
UL	163.079	2126	348056
UL	1.6308	2126	403182
UL	164.079	2126	338604
UL	1.6408	2126	405678
UL	165.079	2126	337261
UL	1.6508	2126	403387
UL	166.079	2126	337511
UL	1.6608	2126	397534
UL	167.079	2126	337569
UL	1.6708	2126	387945
UL	168.079	2126	346221
UL	1.6808	2126	401684
UL	169.079	2126	356188
UL	1.6908	2126	400657
UL	170.079	2126	356342
UL	1.7008	2126	397698
UL	171.079	2126	35805
UL	1.7108	2126	401296
UL	172.079	2126	368164
UL	1.7208	2126	395272
UL	173.079	2126	361032
UL	1.7308	2126	391014
UL	174.079	2126	363508
UL	1.7408	2126	393855
UL	175.079	2126	355945
UL	1.7508	2126	39767
UL	176.079	2126	356376
UL	1.7608	2126	406888
UL	177.079	2126	346485
UL	1.7708	2126	409934
UL	178.079	2126	35283
UL	1.7808	2126	408643
UL	179.079	2126	35342
UL	1.7908	2126	413285
UL	180.079	2126	349518
UL	1.8008	2126	410167
UL	181.079	2126	351526
UL	1.8108	2126	415801
UL	182.079	2126	352723
UL	1.8208	2126	415742
UL	183.079	2126	351251
UL	1.8308	2126	424104
UL	184.079	2126	351803
UL	1.8408	2126	424222
UL	185.079	2126	352842
UL	1.8508	2126	416555
UL	186.079	2126	353914
UL	1.8608	2126	418696
UL	187.079	2126	351348
UL	1.8708	2126	408956
UL	188.079	2126	352049
UL	1.8808	2126	420034
UL	189.079	2126	358999
UL	1.8908	2126	413403
UL	190.079	2126	356803
UL	1.9008	2126	408491
UL	191.079	2126	354881
UL	1.9108	2126	407606
UL	192.079	2126	356941
UL	1.9208	2126	403037
UL	193.079	2126	364577
UL	1.9308	2126	404739
UL	194.079	2126	365914
UL	1.9408	2126	401114
UL	195.079	2126	366475
UL	1.9508	2126	402579
UL	196.079	2126	372687
UL	1.9608	2126	394384
UL	197.079	2126	373868
UL	1.9708	2126	39913
UL	198.079	2126	378262
UL	1.9808	2126	399479
UL	199.079	2126	38112
UL	1.9908	2126	397384
UL	200.079	2126	378407
UL	2.2008	2126	398998
UL	201.079	2126	385979
UL	2.0108	2126	396122
UL	202.079	2126	389318
UL	2.0208	2126	395547
UL	203.079	2126	383419
UL	2.0308	2126	39243
UL	204.079	2126	377744
UL	2.0408	2126	38749
UL	205.079	2126	381285
UL	2.0508	2126	386278
UL	206.079	2126	380741
UL	2.0608	2126	390495
UL	207.079	2126	389589
UL	2.0708	2126	395144
UL	208.079	2126	389609
UL	2.0808	2126	398188
UL	209.079	2126	386098
UL	2.0908	2126	397859
UL	210.079	2126	382115
UL	2.1008	2126	39219
UL	211.079	2126	380041
UL	2.1108	2126	395441
UL	212.079	2126	374424
UL	2.1208	2126	395242
UL	213.079	2126	377948
UL	2.1308	2126	394557
UL	214.079	2126	383157
UL	2.1408	2126	394948
UL	215.079	2126	386415
UL	2.1508	2126	397233
UL	216.079	2126	392204
UL	2.1608	2126	397062
UL	217.079	2126	393908
UL	2.1708	2126	391957
UL	218.079	2126	39283
UL	2.1808	2126	39111
UL	219.079	2126	386918
UL	2.1908	2126	398641
UL	220.079	2126	389467
UL	2.2008	2126	406749
UL	221.079	2126	393883
UL	2.2108	2126	409061
UL	222.079	2126	396717
UL	2.2208	2126	40003
UL	223.079	2126	400162
UL	2.2308	2126	400189
UL	224.079	2126	40.24
UL	2.2408	2126	396698
UL	225.079	2126	403324
UL	2.2508	2126	395505
UL	226.079	2126	407172
UL	2.2608	2126	388434
UL	227.079	2126	407141
UL	2.2708	2126	388163
UL	228.079	2126	40477
UL	2.2808	2126	390426
UL	229.079	2126	404532
UL	2.2908	2126	386603
UL	230.079	2126	40342
UL	2.3008	2126	386262
UL	231.079	2126	398692
UL	2.3108	2126	382417
UL	232.079	2126	395766
UL	2.3208	2126	381181
UL	233.079	2126	394131
UL	2.3308	2126	384607
UL	234.079	2126	39293
UL	2.3408	2126	380086
UL	235.079	2126	388926
UL	2.3508	2126	383328
UL	236.079	2126	400167
UL	2.3608	2126	375633
UL	237.079	2126	404662
UL	2.3708	2126	377204
UL	238.079	2126	398919
UL	2.3808	2126	376205
UL	239.079	2126	400653
UL	2.3908	2126	376756
UL	240.079	2126	395253
UL	2.4008	2126	375039
UL	241.079	2126	399639
UL	2.4108	2126	375724
UL	242.079	2126	40257
UL	2.4208	2126	377434
UL	243.079	2126	393995
UL	2.4308	2126	37897
UL	244.079	2126	39.52
UL	2.4408	2126	373514
UL	245.079	2126	400143
UL	2.4508	2126	381912
UL	246.079	2126	401902
UL	2.4608	2126	389232
UL	247.079	2126	39554
UL	2.4708	2126	386695
UL	248.079	2126	395659
UL	2.4808	2126	394058
UL	249.079	2126	398562
UL	2.4908	2126	385737
UL	250.079	2126	392884
UL	2.5008	2126	384548
UL	251.079	2126	390406
UL	2.5108	2126	383451
UL	252.079	2126	384546
UL	2.5208	2126	386471
UL	253.079	2126	389466
UL	2.5308	2126	39845
UL	254.079	2126	391422
UL	2.5408	2126	390086
UL	255.079	2126	392485
UL	2.5508	2126	388803
UL	256.079	2126	390457
UL	2.5608	2126	386972
UL	257.079	2126	390638
UL	2.5708	2126	381665
UL	258.079	2126	401077
UL	2.5808	2126	382954
UL	259.079	2126	395245
UL	2.5908	2126	383083
UL	260.079	2126	393492
UL	2.6008	2126	386114
UL	261.079	2126	398528
UL	2.6108	2126	387587
UL	262.079	2126	404459
UL	2.6208	2126	387039
UL	263.079	2126	408706
UL	2.6308	2126	389202
UL	264.079	2126	408547
UL	2.6408	2126	39123
UL	265.079	2126	40705
UL	2.6508	2126	392867
UL	266.079	2126	411607
UL	2.6608	2126	39662
UL	267.079	2126	416019
UL	2.6708	2126	39871
UL	268.079	2126	415181
UL	2.6808	2126	394815
UL	269.079	2126	413791
UL	2.6908	2126	400146
UL	270.079	2126	41093
UL	2.7008	2126	39877
UL	271.079	2126	41421
UL	2.7108	2126	394343
UL	272.079	2126	420719
UL	2.7208	2126	399135
UL	273.079	2126	424118
UL	2.7308	2126	391483
UL	274.079	2126	431125
UL	2.7408	2126	389705
UL	275.079	2126	436466
UL	2.7508	2126	384486
UL	276.079	2126	436567
UL	2.7608	2126	393294
UL	277.079	2126	429131
UL	2.7708	2126	393933
UL	278.079	2126	423176
UL	2.7808	2126	393309
UL	279.079	2126	424319
UL	2.7908	2126	396019
UL	280.079	2126	426586
UL	2.8008	2126	398259
UL	281.079	2126	426624
UL	2.8108	2126	395656
UL	282.079	2126	42.56
UL	2.8208	2126	393097
UL	283.079	2126	42876
UL	2.8308	2126	392978
UL	284.079	2126	427101
UL	2.8408	2126	397033
UL	285.079	2126	425389
UL	2.8508	2126	399889
UL	286.079	2126	427206
UL	2.8608	2126	40112
UL	287.079	2126	426722
UL	2.8708	2126	407801
UL	288.079	2126	424825
UL	2.8808	2126	411646
UL	289.079	2126	425517
UL	2.8908	2126	409337
UL	290.079	2126	421695
UL	2.9008	2126	409953
UL	291.079	2126	421165
UL	2.9108	2126	408516
UL	292.079	2126	421112
UL	2.9208	2126	414085
UL	293.079	2126	427613
UL	2.9308	2126	408803
UL	294.079	2126	427154
UL	2.9408	2126	405936
UL	295.079	2126	422818
UL	2.9508	2126	403411
UL	296.079	2126	426744
UL	2.9608	2126	403542
UL	297.079	2126	423939
UL	2.9708	2126	404176
UL	298.079	2126	424769
UL	2.9808	2126	404429
UL	299.079	2126	419043
UL	2.9908	2126	401865
UL	300.079	2126	418017
UL	3.2008	2126	405598
UL	301.079	2126	418426
UL	3.0108	2126	404294
UL	302.079	2126	414987
UL	3.0208	2126	401531
UL	303.079	2126	422109
UL	3.0308	2126	402436
UL	304.079	2126	415726
UL	3.0408	2126	401024
UL	305.079	2126	421958
UL	3.0508	2126	399126
UL	306.079	2126	420015
UL	3.0608	2126	40566
UL	307.079	2126	418272
UL	3.0708	2126	409473
UL	308.079	2126	417227
UL	3.0808	2126	405858
UL	309.079	2126	413693
UL	3.0908	2126	399597
UL	310.079	2126	416797
UL	3.1008	2126	397654
UL	311.079	2126	411682
UL	3.1108	2126	402647
UL	312.079	2126	412192
UL	3.1208	2126	403766
UL	313.079	2126	412539
UL	3.1308	2126	409626
UL	314.079	2126	417964
UL	3.1408	2126	417129
UL	315.079	2126	422231
UL	3.1508	2126	418828
UL	316.079	2126	413939
UL	3.1608	2126	430044
UL	317.079	2126	416998
UL	3.1708	2126	426779
UL	318.079	2126	413289
UL	3.1808	2126	424332
UL	319.079	2126	410219
UL	3.1908	2126	420762
UL	320.079	2126	406372
UL	3.2008	2126	417526
UL	321.079	2126	405054
UL	3.2108	2126	41.63
UL	322.079	2126	414401
UL	3.2208	2126	417011
UL	323.079	2126	417545
UL	3.2308	2126	416213
UL	324.079	2126	419952
UL	3.2408	2126	412087
UL	325.079	2126	420352
UL	3.2508	2126	410215
UL	326.079	2126	426946
UL	3.2608	2126	413722
UL	327.079	2126	416663
UL	3.2708	2126	410174
UL	328.079	2126	417254
UL	3.2808	2126	410861
UL	329.079	2126	418294
UL	3.2908	2126	412987
UL	330.079	2126	40.84
UL	3.3008	2126	408006
UL	331.079	2126	409036
UL	3.3108	2126	407931
UL	332.079	2126	414738
UL	3.3208	2126	414739
UL	333.079	2126	416095
UL	3.3308	2126	418639
UL	334.079	2126	416487
UL	3.3408	2126	419219
UL	335.079	2126	424464
UL	3.3508	2126	415006
UL	336.079	2126	423308
UL	3.3608	2126	419394
UL	337.079	2126	424094
UL	3.3708	2126	425566
UL	338.079	2126	423129
UL	3.3808	2126	419147
UL	339.079	2126	416525
UL	3.3908	2126	422489
UL	340.079	2126	423472
UL	3.4008	2126	425441
UL	341.079	2126	424639
UL	3.4108	2126	429851
UL	342.079	2126	421105
UL	3.4208	2126	424931
UL	343.079	2126	422225
UL	3.4308	2126	421742
UL	344.079	2126	427085
UL	3.4408	2126	421158
UL	345.079	2126	421656
UL	3.4508	2126	422913
UL	346.079	2126	426021
UL	3.4608	2126	412524
UL	347.079	2126	41974
UL	3.4708	2126	41117
UL	348.079	2126	418231
UL	3.4808	2126	414886
UL	349.079	2126	426849
UL	3.4908	2126	413903
UL	350.079	2126	429981
UL	3.5008	2126	419189
UL	351.079	2126	438395
UL	3.5108	2126	412247
UL	352.079	2126	437142
UL	3.5208	2126	41132
UL	353.079	2126	43965
UL	3.5308	2126	419141
UL	354.079	2126	44757
UL	3.5408	2126	42729
UL	355.079	2126	457113
UL	3.5508	2126	422348
UL	356.079	2126	458529
UL	3.5608	2126	423417
UL	357.079	2126	459392
UL	3.5708	2126	424894
UL	358.079	2126	462743
UL	3.5808	2126	428587
UL	359.079	2126	462021
UL	3.5908	2126	432641
UL	360.079	2126	460291
UL	3.6008	2126	429651
UL	361.079	2126	465353
UL	3.6108	2126	428605
UL	362.079	2126	470269
UL	3.6208	2126	428372
UL	363.079	2126	469395
UL	3.6308	2126	435441
UL	364.079	2126	468332
UL	3.6408	2126	426896
UL	365.079	2126	475798
UL	3.6508	2126	417915
UL	366.079	2126	469771
UL	3.6608	2126	413763
UL	367.079	2126	469347
UL	3.6708	2126	415217
UL	368.079	2126	472744
UL	3.6808	2126	410136
UL	369.079	2126	469363
UL	3.6908	2126	416159
UL	370.079	2126	467761
UL	3.7008	2126	408244
UL	371.079	2126	472293
UL	3.7108	2126	407394
UL	372.079	2126	470731
UL	3.7208	2126	409563
UL	373.079	2126	46583
UL	3.7308	2126	408085
UL	374.079	2126	470189
UL	3.7408	2126	403293
UL	375.079	2126	476377
UL	3.7508	2126	40493
UL	376.079	2126	481571
UL	3.7608	2126	403112
UL	377.079	2126	481147
UL	3.7708	2126	405052
UL	378.079	2126	481639
UL	3.7808	2126	40373
UL	379.079	2126	481941
UL	3.7908	2126	395654
UL	380.079	2126	484098
UL	3.8008	2126	396281
UL	381.079	2126	483448
UL	3.8108	2126	390541
UL	382.079	2126	481557
UL	3.8208	2126	38819
UL	383.079	2126	486483
UL	3.8308	2126	383945
UL	384.079	2126	488623
UL	3.8408	2126	381938
UL	385.079	2126	484465
UL	3.8508	2126	378069
UL	386.079	2126	48291
UL	3.8608	2126	376963
UL	387.079	2126	477948
UL	3.8708	2126	373948
UL	388.079	2126	48354
UL	3.8808	2126	378364
UL	389.079	2126	483408
UL	3.8908	2126	384238
UL	390.079	2126	484402
UL	3.9008	2126	376584
UL	391.079	2126	472278
UL	3.9108	2126	380678
UL	392.079	2126	470009
UL	3.9208	2126	381305
UL	393.079	2126	47199
UL	3.9308	2126	380691
UL	394.079	2126	468674
UL	3.9408	2126	383848
UL	395.079	2126	467456
UL	3.9508	2126	392041
UL	396.079	2126	463068
UL	3.9608	2126	39263
UL	397.079	2126	467829
UL	3.9708	2126	394682
UL	398.079	2126	459966
UL	3.9808	2126	396146
UL	399.079	2126	460672
UL	3.9908	2126	405206
UL	400.079	2126	464228
UL	4.2008	2126	410927
UL	401.079	2126	469516
UL	4.0108	2126	411397
UL	402.079	2126	475171
UL	4.0208	2126	413518
UL	403.079	2126	468992
UL	4.0308	2126	413951
UL	404.079	2126	47762
UL	4.0408	2126	416036
UL	405.079	2126	476083
UL	4.0508	2126	41505
UL	406.079	2126	475537
UL	4.0608	2126	413962
UL	407.079	2126	480976
UL	4.0708	2126	407568
UL	408.079	2126	481566
UL	4.0808	2126	40536
UL	409.079	2126	476239
UL	4.0908	2126	416146
UL	410.079	2126	472637
UL	4.1008	2126	415222
UL	411.079	2126	469027
UL	4.1108	2126	421424
UL	412.079	2126	476152
UL	4.1208	2126	415198
UL	413.079	2126	47921
UL	4.1308	2126	417651
UL	414.079	2126	485594
UL	4.1408	2126	412184
UL	415.079	2126	481546
UL	4.1508	2126	408799
UL	416.079	2126	485892
UL	4.1608	2126	405039
UL	417.079	2126	484215
UL	4.1708	2126	405267
UL	418.079	2126	486791
UL	4.1808	2126	411841
UL	419.079	2126	486185
UL	4.1908	2126	402535
UL	420.079	2126	485869
UL	4.2008	2126	401028
UL	421.079	2126	480622
UL	4.2108	2126	406219
UL	422.079	2126	476256
UL	4.2208	2126	399893
UL	423.079	2126	485354
UL	4.2308	2126	406478
UL	424.079	2126	488885
UL	4.2408	2126	400784
UL	425.079	2126	481372
UL	4.2508	2126	40267
UL	426.079	2126	476078
UL	4.2608	2126	409744
UL	427.079	2126	478817
UL	4.2708	2126	40906
UL	428.079	2126	473022
UL	4.2808	2126	412688
UL	429.079	2126	474955
UL	4.2908	2126	407782
UL	430.079	2126	472703
UL	4.3008	2126	415327
UL	431.079	2126	465641
UL	4.3108	2126	416162
UL	432.079	2126	465361
UL	4.3208	2126	416124
UL	433.079	2126	468037
UL	4.3308	2126	407105
UL	434.079	2126	467839
UL	4.3408	2126	419698
UL	435.079	2126	469548
UL	4.3508	2126	429086
UL	436.079	2126	467257
UL	4.3608	2126	429739
UL	437.079	2126	466111
UL	4.3708	2126	429806
UL	438.079	2126	468525
UL	4.3808	2126	41744
UL	439.079	2126	469803
UL	4.3908	2126	420032
UL	440.079	2126	464881
UL	4.4008	2126	426077
UL	441.079	2126	465069
UL	4.4108	2126	432809
UL	442.079	2126	463735
UL	4.4208	2126	431858
UL	443.079	2126	466951
UL	4.4308	2126	433508
UL	444.079	2126	461953
UL	4.4408	2126	437186
UL	445.079	2126	45084
UL	4.4508	2126	435093
UL	446.079	2126	45.55
UL	4.4608	2126	439708
UL	447.079	2126	454804
UL	4.4708	2126	436574
UL	448.079	2126	451637
UL	4.4808	2126	43726
UL	449.079	2126	446167
UL	4.4908	2126	435446
UL	450.079	2126	44919
UL	4.5008	2126	441648
UL	451.079	2126	446901
UL	4.5108	2126	433513
UL	452.079	2126	459225
UL	4.5208	2126	436221
UL	453.079	2126	459502
UL	4.5308	2126	437016
UL	454.079	2126	455041
UL	4.5408	2126	44.57
UL	455.079	2126	459993
UL	4.5508	2126	446071
UL	456.079	2126	465839
UL	4.5608	2126	443266
UL	457.079	2126	466406
UL	4.5708	2126	444021
UL	458.079	2126	461863
UL	4.5808	2126	438407
UL	459.079	2126	466397
UL	4.5908	2126	440539
UL	460.079	2126	470593
UL	4.6008	2126	44003
UL	461.079	2126	469982
UL	4.6108	2126	439249
UL	462.079	2126	46.49
UL	4.6208	2126	439468
UL	463.079	2126	464624
UL	4.6308	2126	436024
UL	464.079	2126	469975
UL	4.6408	2126	43604
UL	465.079	2126	462899
UL	4.6508	2126	430019
UL	466.079	2126	461604
UL	4.6608	2126	432436
UL	467.079	2126	460969
UL	4.6708	2126	439511
UL	468.079	2126	458129
UL	4.6808	2126	445147
UL	469.079	2126	460884
UL	4.6908	2126	449326
UL	470.079	2126	46531
UL	4.7008	2126	450185
UL	471.079	2126	46293
UL	4.7108	2126	456221
UL	472.079	2126	461458
UL	4.7208	2126	453746
UL	473.079	2126	471502
UL	4.7308	2126	449927
UL	474.079	2126	47747
UL	4.7408	2126	444726
UL	475.079	2126	478249
UL	4.7508	2126	449088
UL	476.079	2126	483428
UL	4.7608	2126	449674
UL	477.079	2126	482875
UL	4.7708	2126	449719
UL	478.079	2126	479956
UL	4.7808	2126	458206
UL	479.079	2126	476594
UL	4.7908	2126	462612
UL	480.079	2126	476047
UL	4.8008	2126	466968
UL	481.079	2126	482752
UL	4.8108	2126	474653
UL	482.079	2126	483927
UL	4.8208	2126	476252
UL	483.079	2126	483497
UL	4.8308	2126	469295
UL	484.079	2126	482578
UL	4.8408	2126	462153
UL	485.079	2126	468915
UL	4.8508	2126	46235
UL	486.079	2126	47306
UL	4.8608	2126	463086
UL	487.079	2126	468076
UL	4.8708	2126	461027
UL	488.079	2126	472545
UL	4.8808	2126	456992
UL	489.079	2126	470173
UL	4.8908	2126	46245
UL	490.079	2126	481322
UL	4.9008	2126	462434
UL	491.079	2126	47214
UL	4.9108	2126	462054
UL	492.079	2126	466613
UL	4.9208	2126	460932
UL	493.079	2126	467659
UL	4.9308	2126	465362
UL	494.079	2126	474147
UL	4.9408	2126	464755
UL	495.079	2126	469328
UL	4.9508	2126	462064
UL	496.079	2126	472781
UL	4.9608	2126	463086
UL	497.079	2126	47196
UL	4.9708	2126	456421
UL	498.079	2126	464581
UL	4.9808	2126	458421
UL	499.079	2126	46898
UL	4.9908	2126	462194
UL	500.079	2126	469927
UL	5.2008	2126	457063
UL	501.079	2126	46739
UL	5.0108	2126	45217
UL	502.079	2126	469531
UL	5.0208	2126	453565
UL	503.079	2126	471966
UL	5.0308	2126	455333
UL	504.079	2126	464953
UL	5.0408	2126	456317
UL	505.079	2126	464904
UL	5.0508	2126	453052
UL	506.079	2126	471282
UL	5.0608	2126	451992
UL	507.079	2126	47.43
UL	5.0708	2126	452945
UL	508.079	2126	469831
UL	5.0808	2126	451521
UL	509.079	2126	465332
UL	5.0908	2126	444144
UL	510.079	2126	467007
UL	5.1008	2126	440126
UL	511.079	2126	465072
UL	5.1108	2126	430971
UL	512.079	2126	458826
UL	5.1208	2126	438193
UL	513.079	2126	457778
UL	5.1308	2126	438855
UL	514.079	2126	461575
UL	5.1408	2126	436205
UL	515.079	2126	461618
UL	5.1508	2126	433702
UL	516.079	2126	463193
UL	5.1608	2126	430026
UL	517.079	2126	463215
UL	5.1708	2126	438492
UL	518.079	2126	459557
UL	5.1808	2126	436739
UL	519.079	2126	461639
UL	5.1908	2126	425964
UL	520.079	2126	461868
UL	5.2008	2126	42906
UL	521.079	2126	458352
UL	5.2108	2126	427615
UL	522.079	2126	46.48
UL	5.2208	2126	424979
UL	523.079	2126	463944
UL	5.2308	2126	433361
UL	524.079	2126	468185
UL	5.2408	2126	43966
UL	525.079	2126	463849
UL	5.2508	2126	434011
UL	526.079	2126	457185
UL	5.2608	2126	435326
UL	527.079	2126	457796
UL	5.2708	2126	434431
UL	528.079	2126	461027
UL	5.2808	2126	438808
UL	529.079	2126	449313
UL	5.2908	2126	432506
UL	530.079	2126	453104
UL	5.3008	2126	426792
UL	531.079	2126	448885
UL	5.3108	2126	423421
UL	532.079	2126	454713
UL	5.3208	2126	421886
UL	533.079	2126	458994
UL	5.3308	2126	424639
UL	534.079	2126	457669
UL	5.3408	2126	424867
UL	535.079	2126	450751
UL	5.3508	2126	412846
UL	536.079	2126	453491
UL	5.3608	2126	418559
UL	537.079	2126	451085
UL	5.3708	2126	414258
UL	538.079	2126	448561
UL	5.3808	2126	413534
UL	539.079	2126	447968
UL	5.3908	2126	408757
UL	540.079	2126	446416
UL	5.4008	2126	404307
UL	541.079	2126	442707
UL	5.4108	2126	39621
UL	542.079	2126	439832
UL	5.4208	2126	398143
UL	543.079	2126	444615
UL	5.4308	2126	40585
UL	544.079	2126	434739
UL	5.4408	2126	397854
UL	545.079	2126	44354
UL	5.4508	2126	397853
UL	546.079	2126	442131
UL	5.4608	2126	395643
UL	547.079	2126	443731
UL	5.4708	2126	398826
UL	548.079	2126	441436
UL	5.4808	2126	399311
UL	549.079	2126	44176
UL	5.4908	2126	401777
UL	550.079	2126	450885
UL	5.5008	2126	40139
UL	551.079	2126	450931
UL	5.5108	2126	402592
UL	552.079	2126	450545
UL	5.5208	2126	401867
UL	553.079	2126	45105
UL	5.5308	2126	400214
UL	554.079	2126	451744
UL	5.5408	2126	393191
UL	555.079	2126	445732
UL	5.5508	2126	387649
UL	556.079	2126	441056
UL	5.5608	2126	385376
UL	557.079	2126	440951
UL	5.5708	2126	379202
UL	558.079	2126	441652
UL	5.5808	2126	382452
UL	559.079	2126	44548
UL	5.5908	2126	38628
UL	560.079	2126	44562
UL	5.6008	2126	388108
UL	561.079	2126	44642
UL	5.6108	2126	386731
UL	562.079	2126	436811
UL	5.6208	2126	387888
UL	563.079	2126	437784
UL	5.6308	2126	389637
UL	564.079	2126	438876
UL	5.6408	2126	391314
UL	565.079	2126	434962
UL	5.6508	2126	386526
UL	566.079	2126	427118
UL	5.6608	2126	387481
UL	567.079	2126	428254
UL	5.6708	2126	386713
UL	568.079	2126	431049
UL	5.6808	2126	379439
UL	569.079	2126	430696
UL	5.6908	2126	378739
UL	570.079	2126	429032
UL	5.7008	2126	37256
UL	571.079	2126	428569
UL	5.7108	2126	36937
UL	572.079	2126	427588
UL	5.7208	2126	364518
UL	573.079	2126	427749
UL	5.7308	2126	365406
UL	574.079	2126	430215
UL	5.7408	2126	363453
UL	575.079	2126	434252
UL	5.7508	2126	355365
UL	576.079	2126	441476
UL	5.7608	2126	353188
UL	577.079	2126	450414
UL	5.7708	2126	356131
UL	578.079	2126	453689
UL	5.7808	2126	352867
UL	579.079	2126	453008
UL	5.7908	2126	355048
UL	580.079	2126	44595
UL	5.8008	2126	356242
UL	581.079	2126	446538
UL	5.8108	2126	358446
UL	582.079	2126	451041
UL	5.8208	2126	361691
UL	583.079	2126	443997
UL	5.8308	2126	366114
UL	584.079	2126	445802
UL	5.8408	2126	369756
UL	585.079	2126	440541
UL	5.8508	2126	375865
UL	586.079	2126	44088
UL	5.8608	2126	377428
UL	587.079	2126	439991
UL	5.8708	2126	375438
UL	588.079	2126	436316
UL	5.8808	2126	370535
UL	589.079	2126	42688
UL	5.8908	2126	375909
UL	590.079	2126	420324
UL	5.9008	2126	378315
UL	591.079	2126	420583
UL	5.9108	2126	378253
UL	592.079	2126	421999
UL	5.9208	2126	374785
UL	593.079	2126	420923
UL	5.9308	2126	377976
UL	594.079	2126	418763
UL	5.9408	2126	373842
UL	595.079	2126	419613
UL	5.9508	2126	379096
UL	596.079	2126	41759
UL	5.9608	2126	381795
UL	597.079	2126	41501
UL	5.9708	2126	382061
UL	598.079	2126	414243
UL	5.9808	2126	382883
UL	599.079	2126	421961
UL	5.9908	2126	391855
UL	600.079	2126	419541
UL	6.2008	2126	389433
UL	601.079	2126	406667
UL	6.0108	2126	377487
UL	602.079	2126	399745
UL	6.0208	2126	378651
UL	603.079	2126	405533
UL	6.0308	2126	37779
UL	604.079	2126	403074
UL	6.0408	2126	374741
UL	605.079	2126	405233
UL	6.0508	2126	373527
UL	606.079	2126	41294
UL	6.0608	2126	379164
UL	607.079	2126	415632
UL	6.0708	2126	381673
UL	608.079	2126	424892
UL	6.0808	2126	380762
UL	609.079	2126	426024
UL	6.0908	2126	382652
UL	610.079	2126	418881
UL	6.1008	2126	387202
UL	611.079	2126	416175
UL	6.1108	2126	386623
UL	612.079	2126	415192
UL	6.1208	2126	391967
UL	613.079	2126	420865
UL	6.1308	2126	398176
UL	614.079	2126	41523
UL	6.1408	2126	398141
UL	615.079	2126	417491
UL	6.1508	2126	395852
UL	616.079	2126	41455
UL	6.1608	2126	38967
UL	617.079	2126	413033
UL	6.1708	2126	391805
UL	618.079	2126	413313
UL	6.1808	2126	38663
UL	619.079	2126	417233
UL	6.1908	2126	388305
UL	620.079	2126	424794
UL	6.2008	2126	392545
UL	621.079	2126	422485
UL	6.2108	2126	391933
UL	622.079	2126	415299
UL	6.2208	2126	398751
UL	623.079	2126	413199
UL	6.2308	2126	400707
UL	624.079	2126	418316
UL	6.2408	2126	401296
UL	625.079	2126	419888
UL	6.2508	2126	401122
UL	626.079	2126	430463
UL	6.2608	2126	397586
UL	627.079	2126	431377
UL	6.2708	2126	399291
UL	628.079	2126	423335
UL	6.2808	2126	400854
UL	629.079	2126	421507
UL	6.2908	2126	397745
UL	630.079	2126	423263
UL	6.3008	2126	401301
UL	631.079	2126	427783
UL	6.3108	2126	407942
UL	632.079	2126	431407
UL	6.3208	2126	409923
UL	633.079	2126	437308
UL	6.3308	2126	402885
UL	634.079	2126	442393
UL	6.3408	2126	405433
UL	635.079	2126	447644
UL	6.3508	2126	409383
UL	636.079	2126	450875
UL	6.3608	2126	410501
UL	637.079	2126	45427
UL	6.3708	2126	416282
UL	638.079	2126	454245
UL	6.3808	2126	408667
UL	639.079	2126	457846
UL	6.3908	2126	404102
UL	640.079	2126	452872
UL	6.4008	2126	401041
UL	641.079	2126	454726
UL	6.4108	2126	403416
UL	642.079	2126	448357
UL	6.4208	2126	403986
UL	643.079	2126	452697
UL	6.4308	2126	40681
UL	644.079	2126	452382
UL	6.4408	2126	398399
UL	645.079	2126	453554
UL	6.4508	2126	397871
UL	646.079	2126	456485
UL	6.4608	2126	388997
UL	647.079	2126	459703
UL	6.4708	2126	389562
UL	648.079	2126	455489
UL	6.4808	2126	394964
UL	649.079	2126	455499
UL	6.4908	2126	39029
UL	650.079	2126	461513
UL	6.5008	2126	387989
UL	651.079	2126	460348
UL	6.5108	2126	38.56
UL	652.079	2126	457456
UL	6.5208	2126	376568
UL	653.079	2126	453986
UL	6.5308	2126	377865
UL	654.079	2126	458194
UL	6.5408	2126	375362
UL	655.079	2126	446817
UL	6.5508	2126	372632
UL	656.079	2126	445112
UL	6.5608	2126	367949
UL	657.079	2126	443829
UL	6.5708	2126	369235
UL	658.079	2126	444051
UL	6.5808	2126	372243
UL	659.079	2126	444664
UL	6.5908	2126	372352
UL	660.079	2126	449693
UL	6.6008	2126	371121
UL	661.079	2126	449479
UL	6.6108	2126	375391
UL	662.079	2126	442045
UL	6.6208	2126	380266
UL	663.079	2126	434485
UL	6.6308	2126	381399
UL	664.079	2126	431717
UL	6.6408	2126	390197
UL	665.079	2126	435932
UL	6.6508	2126	391029
UL	666.079	2126	44172
UL	6.6608	2126	389055
UL	667.079	2126	441637
UL	6.6708	2126	386437
UL	668.079	2126	436508
UL	6.6808	2126	381677
UL	669.079	2126	437363
UL	6.6908	2126	378657
UL	670.079	2126	437566
UL	6.7008	2126	381466
UL	671.079	2126	442323
UL	6.7108	2126	39413
UL	672.079	2126	433258
UL	6.7208	2126	396022
UL	673.079	2126	430284
UL	6.7308	2126	394098
UL	674.079	2126	431992
UL	6.7408	2126	387981
UL	675.079	2126	420499
UL	6.7508	2126	379768
UL	676.079	2126	424264
UL	6.7608	2126	377986
UL	677.079	2126	423698
UL	6.7708	2126	383625
UL	678.079	2126	428633
UL	6.7808	2126	383576
UL	679.079	2126	42766
UL	6.7908	2126	379156
UL	680.079	2126	421669
UL	6.8008	2126	372446
UL	681.079	2126	421634
UL	6.8108	2126	378165
UL	682.079	2126	417329
UL	6.8208	2126	37808
UL	683.079	2126	415152
UL	6.8308	2126	371206
UL	684.079	2126	405933
UL	6.8408	2126	369821
UL	685.079	2126	405137
UL	6.8508	2126	365858
UL	686.079	2126	403146
UL	6.8608	2126	370286
UL	687.079	2126	400019
UL	6.8708	2126	365978
UL	688.079	2126	403003
UL	6.8808	2126	365717
UL	689.079	2126	405542
UL	6.8908	2126	365951
UL	690.079	2126	399599
UL	6.9008	2126	367557
UL	691.079	2126	399639
UL	6.9108	2126	358025
UL	692.079	2126	402386
UL	6.9208	2126	36.23
UL	693.079	2126	407936
UL	6.9308	2126	369235
UL	694.079	2126	414075
UL	6.9408	2126	370789
UL	695.079	2126	411549
UL	6.9508	2126	37514
UL	696.079	2126	405292
UL	6.9608	2126	37921
UL	697.079	2126	402061
UL	6.9708	2126	385612
UL	698.079	2126	397223
UL	6.9808	2126	384664
UL	699.079	2126	397734
UL	6.9908	2126	382385
UL	700.079	2126	390918
UL	7.2008	2126	382619
UL	701.079	2126	382017
UL	7.0108	2126	383747
UL	702.079	2126	379986
UL	7.0208	2126	380609
UL	703.079	2126	384919
UL	7.0308	2126	38331
UL	704.079	2126	387514
UL	7.0408	2126	38511
UL	705.079	2126	389507
UL	7.0508	2126	378364
UL	706.079	2126	392044
UL	7.0608	2126	369759
UL	707.079	2126	393912
UL	7.0708	2126	370793
UL	708.079	2126	38645
UL	7.0808	2126	376808
UL	709.079	2126	388082
UL	7.0908	2126	377769
UL	710.079	2126	394913
UL	7.1008	2126	381346
UL	711.079	2126	390946
UL	7.1108	2126	37.77
UL	712.079	2126	384554
UL	7.1208	2126	383884
UL	713.079	2126	378631
UL	7.1308	2126	377821
UL	714.079	2126	371481
UL	7.1408	2126	378386
UL	715.079	2126	365938
UL	7.1508	2126	386672
UL	716.079	2126	365667
UL	7.1608	2126	39117
UL	717.079	2126	361179
UL	7.1708	2126	391167
UL	718.079	2126	349293
UL	7.1808	2126	384338
UL	719.079	2126	345993
UL	7.1908	2126	385999
UL	720.079	2126	348683
UL	7.2008	2126	385388
UL	721.079	2126	351623
UL	7.2108	2126	389645
UL	722.079	2126	347894
UL	7.2208	2126	390603
UL	723.079	2126	346677
UL	7.2308	2126	384999
UL	724.079	2126	34522
UL	7.2408	2126	384962
UL	725.079	2126	347804
UL	7.2508	2126	381095
UL	726.079	2126	350244
UL	7.2608	2126	380544
UL	727.079	2126	357519
UL	7.2708	2126	388077
UL	728.079	2126	359514
UL	7.2808	2126	387624
UL	729.079	2126	360705
UL	7.2908	2126	380697
UL	730.079	2126	359582
UL	7.3008	2126	390381
UL	731.079	2126	36831
UL	7.3108	2126	397893
UL	732.079	2126	367304
UL	7.3208	2126	399011
UL	733.079	2126	364912
UL	7.3308	2126	385812
UL	734.079	2126	364051
UL	7.3408	2126	383213
UL	735.079	2126	357327
UL	7.3508	2126	390723
UL	736.079	2126	358616
UL	7.3608	2126	390061
UL	737.079	2126	36405
UL	7.3708	2126	385548
UL	738.079	2126	37.39
UL	7.3808	2126	388644
UL	739.079	2126	378391
UL	7.3908	2126	394251
UL	740.079	2126	37059
UL	7.4008	2126	395574
UL	741.079	2126	37167
UL	7.4108	2126	399125
UL	742.079	2126	370657
UL	7.4208	2126	397189
UL	743.079	2126	369836
UL	7.4308	2126	399022
UL	744.079	2126	362903
UL	7.4408	2126	400776
UL	745.079	2126	365488
UL	7.4508	2126	404762
UL	746.079	2126	360799
UL	7.4608	2126	411753
UL	747.079	2126	367175
UL	7.4708	2126	406728
UL	748.079	2126	367437
UL	7.4808	2126	409765
UL	749.079	2126	366814
UL	7.4908	2126	418394
UL	750.079	2126	364301
UL	7.5008	2126	416715
UL	751.079	2126	363246
UL	7.5108	2126	421188
UL	752.079	2126	352233
UL	7.5208	2126	418216
UL	753.079	2126	345918
UL	7.5308	2126	419934
UL	754.079	2126	350143
UL	7.5408	2126	418981
UL	755.079	2126	344517
UL	7.5508	2126	426054
UL	756.079	2126	337509
UL	7.5608	2126	42.68
UL	757.079	2126	337209
UL	7.5708	2126	426336
UL	758.079	2126	338001
UL	7.5808	2126	421315
UL	759.079	2126	339291
UL	7.5908	2126	42658
UL	760.079	2126	344694
UL	7.6008	2126	428456
UL	761.079	2126	344391
UL	7.6108	2126	421133
UL	762.079	2126	33995
UL	7.6208	2126	422909
UL	763.079	2126	340992
UL	7.6308	2126	430349
UL	764.079	2126	348726
UL	7.6408	2126	43618
UL	765.079	2126	344749
UL	7.6508	2126	425589
UL	766.079	2126	348022
UL	7.6608	2126	421991
UL	767.079	2126	34885
UL	7.6708	2126	423431
UL	768.079	2126	353311
UL	7.6808	2126	418779
UL	769.079	2126	349931
UL	7.6908	2126	415744
UL	770.079	2126	344725
UL	7.7008	2126	409547
UL	771.079	2126	345255
UL	7.7108	2126	42028
UL	772.079	2126	339186
UL	7.7208	2126	420539
UL	773.079	2126	341022
UL	7.7308	2126	424615
UL	774.079	2126	341169
UL	7.7408	2126	422772
UL	775.079	2126	342964
UL	7.7508	2126	426432
UL	776.079	2126	345564
UL	7.7608	2126	426873
UL	777.079	2126	347126
UL	7.7708	2126	439758
UL	778.079	2126	347462
UL	7.7808	2126	442149
UL	779.079	2126	353089
UL	7.7908	2126	436005
UL	780.079	2126	353766
UL	7.8008	2126	432223
UL	781.079	2126	365267
UL	7.8108	2126	427003
UL	782.079	2126	364179
UL	7.8208	2126	424953
UL	783.079	2126	366041
UL	7.8308	2126	428308
UL	784.079	2126	366655
UL	7.8408	2126	426908
UL	785.079	2126	365641
UL	7.8508	2126	424382
UL	786.079	2126	359731
UL	7.8608	2126	433147
UL	787.079	2126	36606
UL	7.8708	2126	436954
UL	788.079	2126	366843
UL	7.8808	2126	441869
UL	789.079	2126	367229
UL	7.8908	2126	441408
UL	790.079	2126	372422
UL	7.9008	2126	443268
UL	791.079	2126	374404
UL	7.9108	2126	440983
UL	792.079	2126	369542
UL	7.9208	2126	436976
UL	793.079	2126	364836
UL	7.9308	2126	432588
UL	794.079	2126	35917
UL	7.9408	2126	429497
UL	795.079	2126	361251
UL	7.9508	2126	420672
UL	796.079	2126	360936
UL	7.9608	2126	412306
UL	797.079	2126	365459
UL	7.9708	2126	414399
UL	798.079	2126	364596
UL	7.9808	2126	416771
UL	799.079	2126	368526
UL	7.9908	2126	412522
UL	800.079	2126	359941
UL	8.2008	2126	411859
UL	801.079	2126	360529
UL	8.0108	2126	410995
UL	802.079	2126	36219
UL	8.0208	2126	41173
UL	803.079	2126	360453
UL	8.0308	2126	410919
UL	804.079	2126	354192
UL	8.0408	2126	404265
UL	805.079	2126	357924
UL	8.0508	2126	409691
UL	806.079	2126	363915
UL	8.0608	2126	402725
UL	807.079	2126	355398
UL	8.0708	2126	406025
UL	808.079	2126	351325
UL	8.0808	2126	402647
UL	809.079	2126	345531
UL	8.0908	2126	402885
UL	810.079	2126	347179
UL	8.1008	2126	406485
UL	811.079	2126	34.52
UL	8.1108	2126	402107
UL	812.079	2126	349891
UL	8.1208	2126	410953
UL	813.079	2126	345307
UL	8.1308	2126	410624
UL	814.079	2126	350574
UL	8.1408	2126	40.89
UL	815.079	2126	357697
UL	8.1508	2126	406381
UL	816.079	2126	357114
UL	8.1608	2126	410003
UL	817.079	2126	352196
UL	8.1708	2126	416642
UL	818.079	2126	345368
UL	8.1808	2126	41.4
UL	819.079	2126	344272
UL	8.1908	2126	416619
UL	820.079	2126	342309
UL	8.2008	2126	413073
UL	821.079	2126	339799
UL	8.2108	2126	412996
UL	822.079	2126	339192
UL	8.2208	2126	411784
UL	823.079	2126	338943
UL	8.2308	2126	41477
UL	824.079	2126	337813
UL	8.2408	2126	411459
UL	825.079	2126	339635
UL	8.2508	2126	410219
UL	826.079	2126	345166
UL	8.2608	2126	404407
UL	827.079	2126	354751
UL	8.2708	2126	403971
UL	828.079	2126	356037
UL	8.2808	2126	40294
UL	829.079	2126	358412
UL	8.2908	2126	404908
UL	830.079	2126	36832
UL	8.3008	2126	409612
UL	831.079	2126	365933
UL	8.3108	2126	404253
UL	832.079	2126	369955
UL	8.3208	2126	403754
UL	833.079	2126	37361
UL	8.3308	2126	399215
UL	834.079	2126	374898
UL	8.3408	2126	396922
UL	835.079	2126	380446
UL	8.3508	2126	399972
UL	836.079	2126	38398
UL	8.3608	2126	402313
UL	837.079	2126	384286
UL	8.3708	2126	404283
UL	838.079	2126	387266
UL	8.3808	2126	415467
UL	839.079	2126	388136
UL	8.3908	2126	420304
UL	840.079	2126	383795
UL	8.4008	2126	425916
UL	841.079	2126	382675
UL	8.4108	2126	43019
UL	842.079	2126	385041
UL	8.4208	2126	424892
UL	843.079	2126	381225
UL	8.4308	2126	423134
UL	844.079	2126	378515
UL	8.4408	2126	419063
UL	845.079	2126	369237
UL	8.4508	2126	422662
UL	846.079	2126	368165
UL	8.4608	2126	417344
UL	847.079	2126	374824
UL	8.4708	2126	421067
UL	848.079	2126	380368
UL	8.4808	2126	416337
UL	849.079	2126	382379
UL	8.4908	2126	417517
UL	850.079	2126	38712
UL	8.5008	2126	415218
UL	851.079	2126	392116
UL	8.5108	2126	413626
UL	852.079	2126	388569
UL	8.5208	2126	412206
UL	853.079	2126	389452
UL	8.5308	2126	417247
UL	854.079	2126	386622
UL	8.5408	2126	423568
UL	855.079	2126	386061
UL	8.5508	2126	417163
UL	856.079	2126	385991
UL	8.5608	2126	416049
UL	857.079	2126	378935
UL	8.5708	2126	417588
UL	858.079	2126	377171
UL	8.5808	2126	418538
UL	859.079	2126	38152
UL	8.5908	2126	412204
UL	860.079	2126	379831
UL	8.6008	2126	413926
UL	861.079	2126	368664
UL	8.6108	2126	424515
UL	862.079	2126	365177
UL	8.6208	2126	425627
UL	863.079	2126	362126
UL	8.6308	2126	419713
UL	864.079	2126	358965
UL	8.6408	2126	416227
UL	865.079	2126	358632
UL	8.6508	2126	421889
UL	866.079	2126	358526
UL	8.6608	2126	42043
UL	867.079	2126	359809
UL	8.6708	2126	419111
UL	868.079	2126	35513
UL	8.6808	2126	430847
UL	869.079	2126	355211
UL	8.6908	2126	419375
UL	870.079	2126	354598
UL	8.7008	2126	420287
UL	871.079	2126	358354
UL	8.7108	2126	424735
UL	872.079	2126	360626
UL	8.7208	2126	429442
UL	873.079	2126	367733
UL	8.7308	2126	428854
UL	874.079	2126	370035
UL	8.7408	2126	426191
UL	875.079	2126	374826
UL	8.7508	2126	428317
UL	876.079	2126	379019
UL	8.7608	2126	419102
UL	877.079	2126	377208
UL	8.7708	2126	415806
UL	878.079	2126	379289
UL	8.7808	2126	420109
UL	879.079	2126	381182
UL	8.7908	2126	414552
UL	880.079	2126	388107
UL	8.8008	2126	422599
UL	881.079	2126	387912
UL	8.8108	2126	415182
UL	882.079	2126	392238
UL	8.8208	2126	410493
UL	883.079	2126	387199
UL	8.8308	2126	414961
UL	884.079	2126	385191
UL	8.8408	2126	409994
UL	885.079	2126	379529
UL	8.8508	2126	416021
UL	886.079	2126	390603
UL	8.8608	2126	409952
UL	887.079	2126	384378
UL	8.8708	2126	410986
UL	888.079	2126	38866
UL	8.8808	2126	411126
UL	889.079	2126	384357
UL	8.8908	2126	409578
UL	890.079	2126	382073
UL	8.9008	2126	40424
UL	891.079	2126	382037
UL	8.9108	2126	404653
UL	892.079	2126	385785
UL	8.9208	2126	400302
UL	893.079	2126	381388
UL	8.9308	2126	40155
UL	894.079	2126	38084
UL	8.9408	2126	406792
UL	895.079	2126	386194
UL	8.9508	2126	413665
UL	896.079	2126	386822
UL	8.9608	2126	415097
UL	897.079	2126	393909
UL	8.9708	2126	421113
UL	898.079	2126	392747
UL	8.9808	2126	42385
UL	899.079	2126	401844
UL	8.9908	2126	422641
UL	900.079	2126	409609
UL	9.2008	2126	428766
UL	901.079	2126	407274
UL	9.0108	2126	42789
UL	902.079	2126	398876
UL	9.0208	2126	423757
UL	903.079	2126	401405
UL	9.0308	2126	428644
UL	904.079	2126	401684
UL	9.0408	2126	423115
UL	905.079	2126	403384
UL	9.0508	2126	43011
UL	906.079	2126	401736
UL	9.0608	2126	428912
UL	907.079	2126	394586
UL	9.0708	2126	436565
UL	908.079	2126	383231
UL	9.0808	2126	434453
UL	909.079	2126	382077
UL	9.0908	2126	437713
UL	910.079	2126	378584
UL	9.1008	2126	443355
UL	911.079	2126	370737
UL	9.1108	2126	447049
UL	912.079	2126	371495
UL	9.1208	2126	447294
UL	913.079	2126	373062
UL	9.1308	2126	444402
UL	914.079	2126	37418
UL	9.1408	2126	449495
UL	915.079	2126	372599
UL	9.1508	2126	443881
UL	916.079	2126	376395
UL	9.1608	2126	442926
UL	917.079	2126	376688
UL	9.1708	2126	442255
UL	918.079	2126	382125
UL	9.1808	2126	453882
UL	919.079	2126	388248
UL	9.1908	2126	450539
UL	920.079	2126	383772
UL	9.2008	2126	446973
UL	921.079	2126	382548
UL	9.2108	2126	439604
UL	922.079	2126	377358
UL	9.2208	2126	439198
UL	923.079	2126	370903
UL	9.2308	2126	438443
UL	924.079	2126	372085
UL	9.2408	2126	431041
UL	925.079	2126	369759
UL	9.2508	2126	431941
UL	926.079	2126	363583
UL	9.2608	2126	428559
UL	927.079	2126	36286
UL	9.2708	2126	420978
UL	928.079	2126	35995
UL	9.2808	2126	413594
UL	929.079	2126	357385
UL	9.2908	2126	412758
UL	930.079	2126	353969
UL	9.3008	2126	410324
UL	931.079	2126	355523
UL	9.3108	2126	407792
UL	932.079	2126	357611
UL	9.3208	2126	41068
UL	933.079	2126	354808
UL	9.3308	2126	410748
UL	934.079	2126	355494
UL	9.3408	2126	411227
UL	935.079	2126	354007
UL	9.3508	2126	415745
UL	936.079	2126	355271
UL	9.3608	2126	412838
UL	937.079	2126	35682
UL	9.3708	2126	41197
UL	938.079	2126	362346
UL	9.3808	2126	411916
UL	939.079	2126	355089
UL	9.3908	2126	415837
UL	940.079	2126	357992
UL	9.4008	2126	410552
UL	941.079	2126	355643
UL	9.4108	2126	404323
UL	942.079	2126	357667
UL	9.4208	2126	40751
UL	943.079	2126	355026
UL	9.4308	2126	402958
UL	944.079	2126	360967
UL	9.4408	2126	403562
UL	945.079	2126	365503
UL	9.4508	2126	402191
UL	946.079	2126	369521
UL	9.4608	2126	401348
UL	947.079	2126	372126
UL	9.4708	2126	408555
UL	948.079	2126	370757
UL	9.4808	2126	404836
UL	949.079	2126	37557
UL	9.4908	2126	400327
UL	950.079	2126	370367
UL	9.5008	2126	396727
UL	951.079	2126	372355
UL	9.5108	2126	395162
UL	952.079	2126	36975
UL	9.5208	2126	387283
UL	953.079	2126	369234
UL	9.5308	2126	393186
UL	954.079	2126	369857
UL	9.5408	2126	392302
UL	955.079	2126	37397
UL	9.5508	2126	392421
UL	956.079	2126	371541
UL	9.5608	2126	39727
UL	957.079	2126	374081
UL	9.5708	2126	390181
UL	958.079	2126	372415
UL	9.5808	2126	385163
UL	959.079	2126	379793
UL	9.5908	2126	38041
UL	960.079	2126	375784
UL	9.6008	2126	379335
UL	961.079	2126	368534
UL	9.6108	2126	36702
UL	962.079	2126	368921
UL	9.6208	2126	369078
UL	963.079	2126	367599
UL	9.6308	2126	376082
UL	964.079	2126	371001
UL	9.6408	2126	376262
UL	965.079	2126	371756
UL	9.6508	2126	384946
UL	966.079	2126	372477
UL	9.6608	2126	389413
UL	967.079	2126	376728
UL	9.6708	2126	389621
UL	968.079	2126	380798
UL	9.6808	2126	387166
UL	969.079	2126	376366
UL	9.6908	2126	396189
UL	970.079	2126	380398
UL	9.7008	2126	405947
UL	971.079	2126	369092
UL	9.7108	2126	402025
UL	972.079	2126	360907
UL	9.7208	2126	403734
UL	973.079	2126	353077
UL	9.7308	2126	405299
UL	974.079	2126	348723
UL	9.7408	2126	399371
UL	975.079	2126	35691
UL	9.7508	2126	390601
UL	976.079	2126	360346
UL	9.7608	2126	389109
UL	977.079	2126	35503
UL	9.7708	2126	383802
UL	978.079	2126	348146
UL	9.7808	2126	372139
UL	979.079	2126	349852
UL	9.7908	2126	361995
UL	980.079	2126	350745
UL	9.8008	2126	35906
UL	981.079	2126	351631
UL	9.8108	2126	362611
UL	982.079	2126	342286
UL	9.8208	2126	370359
UL	983.079	2126	348602
UL	9.8308	2126	36682
UL	984.079	2126	346072
UL	9.8408	2126	373947
UL	985.079	2126	345277
UL	9.8508	2126	378293
UL	986.079	2126	349945
UL	9.8608	2126	385835
UL	987.079	2126	349542
UL	9.8708	2126	38.81
UL	988.079	2126	349181
UL	9.8808	2126	383658
UL	989.079	2126	352718
UL	9.8908	2126	377152
UL	990.079	2126	345159
UL	9.9008	2126	383074
UL	991.079	2126	345258
UL	9.9108	2126	378487
UL	992.079	2126	344864
UL	9.9208	2126	382809
UL	993.079	2126	349533
UL	9.9308	2126	37595
UL	994.079	2126	353588
UL	9.9408	2126	378555
UL	995.079	2126	353517
UL	9.9508	2126	380452
UL	996.079	2126	357173
UL	9.9608	2126	383524
UL	997.079	2126	359885
UL	9.9708	2126	387164
UL	998.079	2126	368415
UL	9.9808	2126	390809
UL	999.079	2126	365545
UL	9.9908	2126	394757
UL	10.2008	2126	363408
UL	10.2008	2126	393536
UL	10.0108	2126	356041
UL	10.0108	2126	402004
UL	10.0208	2126	357794
UL	10.0208	2126	400422
UL	10.0308	2126	359791
UL	10.0308	2126	401426
UL	10.0408	2126	35359
UL	10.0408	2126	405719
UL	10.0508	2126	356934
UL	10.0508	2126	413103
UL	10.0608	2126	356132
UL	10.0608	2126	417342
UL	10.0708	2126	357862
UL	10.0708	2126	408992
UL	10.0808	2126	372445
UL	10.0808	2126	404213
UL	10.0908	2126	370595
UL	10.0908	2126	397885
UL	10.1008	2126	368759
UL	10.1008	2126	396662
UL	10.1108	2126	361595
UL	10.1108	2126	39.51
UL	10.1208	2126	368663
UL	10.1208	2126	398805
UL	10.1308	2126	371993
UL	10.1308	2126	396201
UL	10.1408	2126	38063
UL	10.1408	2126	396039
UL	10.1508	2126	385435
UL	10.1508	2126	388802
UL	10.1608	2126	391157
UL	10.1608	2126	391198
UL	10.1708	2126	388924
UL	10.1708	2126	387917
UL	10.1808	2126	386216
UL	10.1808	2126	380656
UL	10.1908	2126	380902
UL	10.1908	2126	380306
UL	10.2008	2126	388147
UL	10.2008	2126	382504
UL	10.2108	2126	38721
UL	10.2108	2126	38492
UL	10.2208	2126	391219
UL	10.2208	2126	377344
UL	10.2308	2126	394743
UL	10.2308	2126	378988
UL	10.2408	2126	391031
UL	10.2408	2126	383111
UL	10.2508	2126	389261
UL	10.2508	2126	378196
UL	10.2608	2126	397774
UL	10.2608	2126	38291
UL	10.2708	2126	392037
UL	10.2708	2126	38562
UL	10.2808	2126	395036
UL	10.2808	2126	384033
UL	10.2908	2126	394994
UL	10.2908	2126	381289
UL	10.3008	2126	394563
UL	10.3008	2126	376303
UL	10.3108	2126	395109
UL	10.3108	2126	378012
UL	10.3208	2126	394742
UL	10.3208	2126	37569
UL	10.3308	2126	398034
UL	10.3308	2126	380282
UL	10.3408	2126	397598
UL	10.3408	2126	37833
UL	10.3508	2126	39.86
UL	10.3508	2126	374324
UL	10.3608	2126	401751
UL	10.3608	2126	373873
UL	10.3708	2126	408823
UL	10.3708	2126	365194
UL	10.3808	2126	412713
UL	10.3808	2126	362408
UL	10.3908	2126	409857
UL	10.3908	2126	362475
UL	10.4008	2126	411445
UL	10.4008	2126	364742
UL	10.4108	2126	411478
UL	10.4108	2126	368762
UL	10.4208	2126	404417
UL	10.4208	2126	363265
UL	10.4308	2126	409403
UL	10.4308	2126	361967
UL	10.4408	2126	407061
UL	10.4408	2126	360654
UL	10.4508	2126	411453
UL	10.4508	2126	367456
UL	10.4608	2126	405501
UL	10.4608	2126	36368
UL	10.4708	2126	408967
UL	10.4708	2126	362934
UL	10.4808	2126	405823
UL	10.4808	2126	369193
UL	10.4908	2126	403931
UL	10.4908	2126	378504
UL	10.5008	2126	41511
UL	10.5008	2126	37581
UL	10.5108	2126	413304
UL	10.5108	2126	383345
UL	10.5208	2126	413362
UL	10.5208	2126	385254
UL	10.5308	2126	415183
UL	10.5308	2126	386859
UL	10.5408	2126	40912
UL	10.5408	2126	391435
UL	10.5508	2126	414632
UL	10.5508	2126	398415
UL	10.5608	2126	412562
UL	10.5608	2126	385875
UL	10.5708	2126	414268
UL	10.5708	2126	387304
UL	10.5808	2126	40954
UL	10.5808	2126	390222
UL	10.5908	2126	40612
UL	10.5908	2126	38804
UL	10.6008	2126	403356
UL	10.6008	2126	385299
UL	10.6108	2126	405466
UL	10.6108	2126	389825
UL	10.6208	2126	405355
UL	10.6208	2126	388764
UL	10.6308	2126	406711
UL	10.6308	2126	38503
UL	10.6408	2126	411319
UL	10.6408	2126	392765
UL	10.6508	2126	415591
UL	10.6508	2126	395073
UL	10.6608	2126	413466
UL	10.6608	2126	385103
UL	10.6708	2126	420692
UL	10.6708	2126	383334
UL	10.6808	2126	422236
UL	10.6808	2126	386464
UL	10.6908	2126	432067
UL	10.6908	2126	387878
UL	10.7008	2126	428359
UL	10.7008	2126	386318
UL	10.7108	2126	426935
UL	10.7108	2126	382447
UL	10.7208	2126	421828
UL	10.7208	2126	384628
UL	10.7308	2126	416118
UL	10.7308	2126	38428
UL	10.7408	2126	418022
UL	10.7408	2126	378379
UL	10.7508	2126	421502
UL	10.7508	2126	370182
UL	10.7608	2126	421917
UL	10.7608	2126	366187
UL	10.7708	2126	424787
UL	10.7708	2126	372511
UL	10.7808	2126	421486
UL	10.7808	2126	376126
UL	10.7908	2126	423225
UL	10.7908	2126	377495
UL	10.8008	2126	424205
UL	10.8008	2126	375898
UL	10.8108	2126	437832
UL	10.8108	2126	374821
UL	10.8208	2126	443618
UL	10.8208	2126	368536
UL	10.8308	2126	44525
UL	10.8308	2126	36775
UL	10.8408	2126	449058
UL	10.8408	2126	363922
UL	10.8508	2126	449399
UL	10.8508	2126	355281
UL	10.8608	2126	445364
UL	10.8608	2126	352911
UL	10.8708	2126	44672
UL	10.8708	2126	362597
UL	10.8808	2126	450067
UL	10.8808	2126	365807
UL	10.8908	2126	447339
UL	10.8908	2126	367431
UL	10.9008	2126	43935
UL	10.9008	2126	364447
UL	10.9108	2126	437203
UL	10.9108	2126	360875
UL	10.9208	2126	430145
UL	10.9208	2126	362289
UL	10.9308	2126	42479
UL	10.9308	2126	358675
UL	10.9408	2126	424397
UL	10.9408	2126	353543
UL	10.9508	2126	432263
UL	10.9508	2126	36068
UL	10.9608	2126	423923
UL	10.9608	2126	36404
UL	10.9708	2126	424767
UL	10.9708	2126	366848
UL	10.9808	2126	424564
UL	10.9808	2126	368918
UL	10.9908	2126	42966
UL	10.9908	2126	373945
UL	11.2008	2126	429425
UL	11.2008	2126	366336
UL	11.0108	2126	428036
UL	11.0108	2126	365741
UL	11.0208	2126	428129
UL	11.0208	2126	367066
UL	11.0308	2126	422279
UL	11.0308	2126	367659
UL	11.0408	2126	419898
UL	11.0408	2126	361603
UL	11.0508	2126	424117
UL	11.0508	2126	36839
UL	11.0608	2126	41957
UL	11.0608	2126	372184
UL	11.0708	2126	423236
UL	11.0708	2126	369334
UL	11.0808	2126	42088
UL	11.0808	2126	366215
UL	11.0908	2126	419582
UL	11.0908	2126	369893
UL	11.1008	2126	421912
UL	11.1008	2126	363827
UL	11.1108	2126	423758
UL	11.1108	2126	362334
UL	11.1208	2126	420736
UL	11.1208	2126	36098
UL	11.1308	2126	429571
UL	11.1308	2126	364039
UL	11.1408	2126	420545
UL	11.1408	2126	359452
UL	11.1508	2126	414968
UL	11.1508	2126	365367
UL	11.1608	2126	416319
UL	11.1608	2126	366011
UL	11.1708	2126	404598
UL	11.1708	2126	372273
UL	11.1808	2126	400052
UL	11.1808	2126	371484
UL	11.1908	2126	407577
UL	11.1908	2126	373027
UL	11.2008	2126	404265
UL	11.2008	2126	373816
UL	11.2108	2126	403271
UL	11.2108	2126	370105
UL	11.2208	2126	396243
UL	11.2208	2126	371416
UL	11.2308	2126	401604
UL	11.2308	2126	378218
UL	11.2408	2126	408571
UL	11.2408	2126	370019
UL	11.2508	2126	40486
UL	11.2508	2126	37465
UL	11.2608	2126	398946
UL	11.2608	2126	375695
UL	11.2708	2126	406729
UL	11.2708	2126	378154
UL	11.2808	2126	400764
UL	11.2808	2126	375007
UL	11.2908	2126	397717
UL	11.2908	2126	37796
UL	11.3008	2126	393565
UL	11.3008	2126	374236
UL	11.3108	2126	386529
UL	11.3108	2126	360654
UL	11.3208	2126	384071
UL	11.3208	2126	35751
UL	11.3308	2126	383534
UL	11.3308	2126	351238
UL	11.3408	2126	387983
UL	11.3408	2126	358902
UL	11.3508	2126	395827
UL	11.3508	2126	365774
UL	11.3608	2126	396523
UL	11.3608	2126	368377
UL	11.3708	2126	403525
UL	11.3708	2126	365344
UL	11.3808	2126	402081
UL	11.3808	2126	362195
UL	11.3908	2126	406184
UL	11.3908	2126	363851
UL	11.4008	2126	39473
UL	11.4008	2126	367265
UL	11.4108	2126	391804
UL	11.4108	2126	373247
UL	11.4208	2126	386342
UL	11.4208	2126	37168
UL	11.4308	2126	388108
UL	11.4308	2126	375828
UL	11.4408	2126	388227
UL	11.4408	2126	373811
UL	11.4508	2126	390846
UL	11.4508	2126	371941
UL	11.4608	2126	38561
UL	11.4608	2126	368738
UL	11.4708	2126	385223
UL	11.4708	2126	366688
UL	11.4808	2126	388547
UL	11.4808	2126	366191
UL	11.4908	2126	394039
UL	11.4908	2126	37.21
UL	11.5008	2126	393201
UL	11.5008	2126	376138
UL	11.5108	2126	396986
UL	11.5108	2126	363869
UL	11.5208	2126	400866
UL	11.5208	2126	361751
UL	11.5308	2126	400371
UL	11.5308	2126	35.82
UL	11.5408	2126	400458
UL	11.5408	2126	353523
UL	11.5508	2126	399236
UL	11.5508	2126	346692
UL	11.5608	2126	393879
UL	11.5608	2126	346572
UL	11.5708	2126	392351
UL	11.5708	2126	346052
UL	11.5808	2126	390958
UL	11.5808	2126	344554
UL	11.5908	2126	383272
UL	11.5908	2126	35
UL	11.6008	2126	381944
UL	11.6008	2126	356115
UL	11.6108	2126	38893
UL	11.6108	2126	345922
UL	11.6208	2126	389241
UL	11.6208	2126	350993
UL	11.6308	2126	385094
UL	11.6308	2126	357952
UL	11.6408	2126	398045
UL	11.6408	2126	360747
UL	11.6508	2126	394922
UL	11.6508	2126	357096
UL	11.6608	2126	398003
UL	11.6608	2126	353184
UL	11.6708	2126	400889
UL	11.6708	2126	349867
UL	11.6808	2126	39984
UL	11.6808	2126	34654
UL	11.6908	2126	39443
UL	11.6908	2126	350677
UL	11.7008	2126	399335
UL	11.7008	2126	359192
UL	11.7108	2126	407701
UL	11.7108	2126	358347
UL	11.7208	2126	410469
UL	11.7208	2126	35949
UL	11.7308	2126	413074
UL	11.7308	2126	360904
UL	11.7408	2126	411009
UL	11.7408	2126	355314
UL	11.7508	2126	41427
UL	11.7508	2126	362688
UL	11.7608	2126	420443
UL	11.7608	2126	366049
UL	11.7708	2126	425552
UL	11.7708	2126	363681
UL	11.7808	2126	424635
UL	11.7808	2126	371788
UL	11.7908	2126	42583
UL	11.7908	2126	368181
UL	11.8008	2126	428211
UL	11.8008	2126	370899
UL	11.8108	2126	432031
UL	11.8108	2126	372077
UL	11.8208	2126	43082
UL	11.8208	2126	377275
UL	11.8308	2126	426251
UL	11.8308	2126	378997
UL	11.8408	2126	434143
UL	11.8408	2126	385705
UL	11.8508	2126	429454
UL	11.8508	2126	399631
UL	11.8608	2126	430912
UL	11.8608	2126	400883
UL	11.8708	2126	433442
UL	11.8708	2126	402654
UL	11.8808	2126	429476
UL	11.8808	2126	402283
UL	11.8908	2126	429415
UL	11.8908	2126	398223
UL	11.9008	2126	427976
UL	11.9008	2126	397995
UL	11.9108	2126	419662
UL	11.9108	2126	395023
UL	11.9208	2126	416588
UL	11.9208	2126	394613
UL	11.9308	2126	420686
UL	11.9308	2126	388538
UL	11.9408	2126	41589
UL	11.9408	2126	39139
UL	11.9508	2126	418333
UL	11.9508	2126	393216
UL	11.9608	2126	418833
UL	11.9608	2126	397575
UL	11.9708	2126	417485
UL	11.9708	2126	393316
UL	11.9808	2126	41484
UL	11.9808	2126	394077
UL	11.9908	2126	414372
UL	11.9908	2126	391388
UL	12.2008	2126	405885
UL	12.2008	2126	395396
UL	12.0108	2126	401559
UL	12.0108	2126	395907
UL	12.0208	2126	403568
UL	12.0208	2126	397373
UL	12.0308	2126	409601
UL	12.0308	2126	399433
UL	12.0408	2126	403043
UL	12.0408	2126	397005
UL	12.0508	2126	401367
UL	12.0508	2126	401769
UL	12.0608	2126	40149
UL	12.0608	2126	399418
UL	12.0708	2126	396471
UL	12.0708	2126	40503
UL	12.0808	2126	392352
UL	12.0808	2126	401854
UL	12.0908	2126	386143
UL	12.0908	2126	406868
UL	12.1008	2126	385248
UL	12.1008	2126	404781
UL	12.1108	2126	385155
UL	12.1108	2126	396414
UL	12.1208	2126	38091
UL	12.1208	2126	393965
UL	12.1308	2126	380225
UL	12.1308	2126	402061
UL	12.1408	2126	384514
UL	12.1408	2126	394464
UL	12.1508	2126	386382
UL	12.1508	2126	395354
UL	12.1608	2126	380751
UL	12.1608	2126	393829
UL	12.1708	2126	381871
UL	12.1708	2126	387662
UL	12.1808	2126	375059
UL	12.1808	2126	384947
UL	12.1908	2126	376305
UL	12.1908	2126	395541
UL	12.2008	2126	377686
UL	12.2008	2126	399976
UL	12.2108	2126	381329
UL	12.2108	2126	409422
UL	12.2208	2126	38525
UL	12.2208	2126	405163
UL	12.2308	2126	39274
UL	12.2308	2126	405522
UL	12.2408	2126	389479
UL	12.2408	2126	41058
UL	12.2508	2126	385868
UL	12.2508	2126	409077
UL	12.2608	2126	39075
UL	12.2608	2126	408315
UL	12.2708	2126	390138
UL	12.2708	2126	407081
UL	12.2808	2126	400275
UL	12.2808	2126	397702
UL	12.2908	2126	39334
UL	12.2908	2126	403685
UL	12.3008	2126	397183
UL	12.3008	2126	396042
UL	12.3108	2126	398434
UL	12.3108	2126	397911
UL	12.3208	2126	404058
UL	12.3208	2126	394158
UL	12.3308	2126	407413
UL	12.3308	2126	394991
UL	12.3408	2126	409478
UL	12.3408	2126	396168
UL	12.3508	2126	395593
UL	12.3508	2126	39484
UL	12.3608	2126	396476
UL	12.3608	2126	396195
UL	12.3708	2126	393078
UL	12.3708	2126	393723
UL	12.3808	2126	399641
UL	12.3808	2126	394757
UL	12.3908	2126	397326
UL	12.3908	2126	400052
UL	12.4008	2126	398991
UL	12.4008	2126	397554
UL	12.4108	2126	399777
UL	12.4108	2126	395701
UL	12.4208	2126	404223
UL	12.4208	2126	39814
UL	12.4308	2126	400058
UL	12.4308	2126	39597
UL	12.4408	2126	407098
UL	12.4408	2126	392425
UL	12.4508	2126	396475
UL	12.4508	2126	399518
UL	12.4608	2126	392357
UL	12.4608	2126	398502
UL	12.4708	2126	392734
UL	12.4708	2126	40271
UL	12.4808	2126	397262
UL	12.4808	2126	409921
UL	12.4908	2126	393575
UL	12.4908	2126	407464
UL	12.5008	2126	392574
UL	12.5008	2126	404272
UL	12.5108	2126	392748
UL	12.5108	2126	40525
UL	12.5208	2126	390449
UL	12.5208	2126	40614
UL	12.5308	2126	388042
UL	12.5308	2126	404687
UL	12.5408	2126	390148
UL	12.5408	2126	405361
UL	12.5508	2126	391022
UL	12.5508	2126	408327
UL	12.5608	2126	392424
UL	12.5608	2126	413098
UL	12.5708	2126	392955
UL	12.5708	2126	417926
UL	12.5808	2126	391591
UL	12.5808	2126	409784
UL	12.5908	2126	388423
UL	12.5908	2126	41308
UL	12.6008	2126	388344
UL	12.6008	2126	413061
UL	12.6108	2126	396942
UL	12.6108	2126	415766
UL	12.6208	2126	399647
UL	12.6208	2126	416997
UL	12.6308	2126	40394
UL	12.6308	2126	412536
UL	12.6408	2126	403429
UL	12.6408	2126	409199
UL	12.6508	2126	401724
UL	12.6508	2126	41411
UL	12.6608	2126	401459
UL	12.6608	2126	41876
UL	12.6708	2126	403981
UL	12.6708	2126	419368
UL	12.6808	2126	408319
UL	12.6808	2126	414851
UL	12.6908	2126	407661
UL	12.6908	2126	408627
UL	12.7008	2126	400912
UL	12.7008	2126	414867
UL	12.7108	2126	396627
UL	12.7108	2126	419799
UL	12.7208	2126	391548
UL	12.7208	2126	418443
UL	12.7308	2126	393485
UL	12.7308	2126	416063
UL	12.7408	2126	392367
UL	12.7408	2126	40.56
UL	12.7508	2126	386592
UL	12.7508	2126	406181
UL	12.7608	2126	393274
UL	12.7608	2126	40748
UL	12.7708	2126	391992
UL	12.7708	2126	415663
UL	12.7808	2126	388287
UL	12.7808	2126	420391
UL	12.7908	2126	382044
UL	12.7908	2126	414285
UL	12.8008	2126	378768
UL	12.8008	2126	414688
UL	12.8108	2126	376794
UL	12.8108	2126	41767
UL	12.8208	2126	373317
UL	12.8208	2126	41877
UL	12.8308	2126	383314
UL	12.8308	2126	420349
UL	12.8408	2126	37915
UL	12.8408	2126	425983
UL	12.8508	2126	37719
UL	12.8508	2126	422536
UL	12.8608	2126	377128
UL	12.8608	2126	410536
UL	12.8708	2126	38134
UL	12.8708	2126	41259
UL	12.8808	2126	389671
UL	12.8808	2126	41977
UL	12.8908	2126	392754
UL	12.8908	2126	417236
UL	12.9008	2126	392127
UL	12.9008	2126	408712
UL	12.9108	2126	387997
UL	12.9108	2126	410898
UL	12.9208	2126	389824
UL	12.9208	2126	411849
UL	12.9308	2126	39903
UL	12.9308	2126	406688
UL	12.9408	2126	395037
UL	12.9408	2126	403603
UL	12.9508	2126	394651
UL	12.9508	2126	407275
UL	12.9608	2126	397806
UL	12.9608	2126	405929
UL	12.9708	2126	40187
UL	12.9708	2126	404218
UL	12.9808	2126	403419
UL	12.9808	2126	406731
UL	12.9908	2126	402362
UL	12.9908	2126	39551
UL	130.008	2126	402273
UL	130.008	2126	393801
UL	130.108	2126	399591
UL	130.108	2126	384136
UL	130.208	2126	403005
UL	130.208	2126	38361
UL	130.308	2126	399168
UL	130.308	2126	382949
UL	130.408	2126	396965
UL	130.408	2126	39209
UL	130.508	2126	390078
UL	130.508	2126	386488
UL	130.608	2126	388855
UL	130.608	2126	385667
UL	130.708	2126	390931
UL	130.708	2126	39077
UL	130.808	2126	389669
UL	130.808	2126	395166
UL	130.908	2126	38.54
UL	130.908	2126	387094
UL	131.008	2126	391712
UL	131.008	2126	383244
UL	131.108	2126	396092
UL	131.108	2126	382327
UL	131.208	2126	393714
UL	131.208	2126	382515
UL	131.308	2126	391912
UL	131.308	2126	373102
UL	131.408	2126	392841
UL	131.408	2126	373148
UL	131.508	2126	390618
UL	131.508	2126	375819
UL	131.608	2126	388761
UL	131.608	2126	383484
UL	131.708	2126	395816
UL	131.708	2126	385999
UL	131.808	2126	398442
UL	131.808	2126	387657
UL	131.908	2126	396651
UL	131.908	2126	381599
UL	132.008	2126	390952
UL	132.008	2126	375624
UL	132.108	2126	384355
UL	132.108	2126	37097
UL	132.208	2126	39359
UL	132.208	2126	374094
UL	132.308	2126	401675
UL	132.308	2126	373976
UL	132.408	2126	394512
UL	132.408	2126	378542
UL	132.508	2126	395337
UL	132.508	2126	37737
UL	132.608	2126	387392
UL	132.608	2126	37185
UL	132.708	2126	392459
UL	132.708	2126	368231
UL	132.808	2126	390537
UL	132.808	2126	362989
UL	132.908	2126	387172
UL	132.908	2126	361257
UL	133.008	2126	394021
UL	133.008	2126	36417
UL	133.108	2126	407182
UL	133.108	2126	360927
UL	133.208	2126	413162
UL	133.208	2126	360074
UL	133.308	2126	409846
UL	133.308	2126	35821
UL	133.408	2126	403778
UL	133.408	2126	356246
UL	133.508	2126	399029
UL	133.508	2126	356114
UL	133.608	2126	402674
UL	133.608	2126	357994
UL	133.708	2126	398194
UL	133.708	2126	357623
UL	133.808	2126	404363
UL	133.808	2126	357013
UL	133.908	2126	40.26
UL	133.908	2126	363703
UL	134.008	2126	40476
UL	134.008	2126	36971
UL	134.108	2126	397884
UL	134.108	2126	380028
UL	134.208	2126	396962
UL	134.208	2126	381334
UL	134.308	2126	400432
UL	134.308	2126	380825
UL	134.408	2126	392462
UL	134.408	2126	387394
UL	134.508	2126	397393
UL	134.508	2126	392272
UL	134.608	2126	396678
UL	134.608	2126	392521
UL	134.708	2126	387669
UL	134.708	2126	392372
UL	134.808	2126	39.34
UL	134.808	2126	396249
UL	134.908	2126	392648
UL	134.908	2126	397971
UL	135.008	2126	395446
UL	135.008	2126	400136
UL	135.108	2126	39483
UL	135.108	2126	404117
UL	135.208	2126	397225
UL	135.208	2126	409813
UL	135.308	2126	398212
UL	135.308	2126	417636
UL	135.408	2126	395725
UL	135.408	2126	422811
UL	135.508	2126	398437
UL	135.508	2126	425435
UL	135.608	2126	402489
UL	135.608	2126	418238
UL	135.708	2126	396116
UL	135.708	2126	419413
UL	135.808	2126	39642
UL	135.808	2126	418377
UL	135.908	2126	397285
UL	135.908	2126	411022
UL	136.008	2126	392632
UL	136.008	2126	406854
UL	136.108	2126	389962
UL	136.108	2126	407227
UL	136.208	2126	390054
UL	136.208	2126	410028
UL	136.308	2126	386288
UL	136.308	2126	41122
UL	136.408	2126	392902
UL	136.408	2126	417273
UL	136.508	2126	394812
UL	136.508	2126	416133
UL	136.608	2126	393164
UL	136.608	2126	41814
UL	136.708	2126	389025
UL	136.708	2126	420464
UL	136.808	2126	385727
UL	136.808	2126	427427
UL	136.908	2126	380368
UL	136.908	2126	430269
UL	137.008	2126	377945
UL	137.008	2126	432966
UL	137.108	2126	379601
UL	137.108	2126	437127
UL	137.208	2126	381046
UL	137.208	2126	445431
UL	137.308	2126	38104
UL	137.308	2126	452239
UL	137.408	2126	385649
UL	137.408	2126	451138
UL	137.508	2126	376728
UL	137.508	2126	45.44
UL	137.608	2126	377789
UL	137.608	2126	45261
UL	137.708	2126	37307
UL	137.708	2126	449186
UL	137.808	2126	378772
UL	137.808	2126	449513
UL	137.908	2126	380355
UL	137.908	2126	444404
UL	138.008	2126	38215
UL	138.008	2126	43951
UL	138.108	2126	383633
UL	138.108	2126	439691
UL	138.208	2126	387267
UL	138.208	2126	429498
UL	138.308	2126	38498
UL	138.308	2126	428436
UL	138.408	2126	385726
UL	138.408	2126	422274
UL	138.508	2126	390512
UL	138.508	2126	423061
UL	138.608	2126	389556
UL	138.608	2126	41275
UL	138.708	2126	395084
UL	138.708	2126	407449
UL	138.808	2126	390862
UL	138.808	2126	421001
UL	138.908	2126	379319
UL	138.908	2126	424909
UL	139.008	2126	375412
UL	139.008	2126	421744
UL	139.108	2126	372137
UL	139.108	2126	42244
UL	139.208	2126	383175
UL	139.208	2126	416581
UL	139.308	2126	385042
UL	139.308	2126	410222
UL	139.408	2126	39384
UL	139.408	2126	406998
UL	139.508	2126	398192
UL	139.508	2126	407025
UL	139.608	2126	40363
UL	139.608	2126	40425
UL	139.708	2126	400399
UL	139.708	2126	403081
UL	139.808	2126	396875
UL	139.808	2126	399672
UL	139.908	2126	395877
UL	139.908	2126	398857
UL	140.008	2126	396733
UL	140.008	2126	400512
UL	140.108	2126	38813
UL	140.108	2126	402537
UL	140.208	2126	385983
UL	140.208	2126	400955
UL	140.308	2126	380203
UL	140.308	2126	404453
UL	140.408	2126	378393
UL	140.408	2126	403628
UL	140.508	2126	370327
UL	140.508	2126	398621
UL	140.608	2126	367511
UL	140.608	2126	40173
UL	140.708	2126	371235
UL	140.708	2126	401468
UL	140.808	2126	374901
UL	140.808	2126	398788
UL	140.908	2126	367038
UL	140.908	2126	40229
UL	141.008	2126	368189
UL	141.008	2126	40944
UL	141.108	2126	371179
UL	141.108	2126	41105
UL	141.208	2126	371223
UL	141.208	2126	402307
UL	141.308	2126	369053
UL	141.308	2126	409089
UL	141.408	2126	368068
UL	141.408	2126	414531
UL	141.508	2126	362717
UL	141.508	2126	412813
UL	141.608	2126	363052
UL	141.608	2126	402619
UL	141.708	2126	363329
UL	141.708	2126	402922
UL	141.808	2126	357379
UL	141.808	2126	406612
UL	141.908	2126	356816
UL	141.908	2126	407627
UL	142.008	2126	360709
UL	142.008	2126	405621
UL	142.108	2126	363767
UL	142.108	2126	399124
UL	142.208	2126	369736
UL	142.208	2126	399764
UL	142.308	2126	372257
UL	142.308	2126	400273
UL	142.408	2126	369778
UL	142.408	2126	404717
UL	142.508	2126	372304
UL	142.508	2126	400854
UL	142.608	2126	379863
UL	142.608	2126	389198
UL	142.708	2126	377681
UL	142.708	2126	388181
UL	142.808	2126	374457
UL	142.808	2126	390884
UL	142.908	2126	369895
UL	142.908	2126	390905
UL	143.008	2126	376434
UL	143.008	2126	380163
UL	143.108	2126	366547
UL	143.108	2126	385628
UL	143.208	2126	358797
UL	143.208	2126	385061
UL	143.308	2126	358275
UL	143.308	2126	387043
UL	143.408	2126	361376
UL	143.408	2126	388285
UL	143.508	2126	356389
UL	143.508	2126	39238
UL	143.608	2126	357765
UL	143.608	2126	395852
UL	143.708	2126	354177
UL	143.708	2126	39517
UL	143.808	2126	354894
UL	143.808	2126	391309
UL	143.908	2126	363384
UL	143.908	2126	394116
UL	144.008	2126	363682
UL	144.008	2126	39209
UL	144.108	2126	364545
UL	144.108	2126	400789
UL	144.208	2126	36342
UL	144.208	2126	400001
UL	144.308	2126	369137
UL	144.308	2126	398366
UL	144.408	2126	373699
UL	144.408	2126	405182
UL	144.508	2126	373999
UL	144.508	2126	409834
UL	144.608	2126	375285
UL	144.608	2126	412223
UL	144.708	2126	368081
UL	144.708	2126	408995
UL	144.808	2126	369284
UL	144.808	2126	409213
UL	144.908	2126	360377
UL	144.908	2126	412858
UL	145.008	2126	364033
UL	145.008	2126	411072
UL	145.108	2126	365154
UL	145.108	2126	411836
UL	145.208	2126	365039
UL	145.208	2126	413497
UL	145.308	2126	364453
UL	145.308	2126	417585
UL	145.408	2126	359683
UL	145.408	2126	417172
UL	145.508	2126	362549
UL	145.508	2126	417648
UL	145.608	2126	35671
UL	145.608	2126	421516
UL	145.708	2126	358828
UL	145.708	2126	416894
UL	145.808	2126	360776
UL	145.808	2126	411211
UL	145.908	2126	365021
UL	145.908	2126	406132
UL	146.008	2126	365267
UL	146.008	2126	40273
UL	146.108	2126	36823
UL	146.108	2126	403159
UL	146.208	2126	371072
UL	146.208	2126	395166
UL	146.308	2126	368241
UL	146.308	2126	395482
UL	146.408	2126	366408
UL	146.408	2126	389712
UL	146.508	2126	359638
UL	146.508	2126	392279
UL	146.608	2126	357263
UL	146.608	2126	385942
UL	146.708	2126	361445
UL	146.708	2126	389146
UL	146.808	2126	361518
UL	146.808	2126	390869
UL	146.908	2126	366936
UL	146.908	2126	393297
UL	147.008	2126	363904
UL	147.008	2126	392447
UL	147.108	2126	363777
UL	147.108	2126	394053
UL	147.208	2126	362322
UL	147.208	2126	405771
UL	147.308	2126	355754
UL	147.308	2126	404734
UL	147.408	2126	359226
UL	147.408	2126	40306
UL	147.508	2126	363612
UL	147.508	2126	405033
UL	147.608	2126	364068
UL	147.608	2126	408073
UL	147.708	2126	365311
UL	147.708	2126	405333
UL	147.808	2126	36.29
UL	147.808	2126	40431
UL	147.908	2126	369495
UL	147.908	2126	409547
UL	148.008	2126	372693
UL	148.008	2126	400093
UL	148.108	2126	36485
UL	148.108	2126	401136
UL	148.208	2126	359922
UL	148.208	2126	405252
UL	148.308	2126	365714
UL	148.308	2126	408195
UL	148.408	2126	369984
UL	148.408	2126	421658
UL	148.508	2126	36839
UL	148.508	2126	417625
UL	148.608	2126	37114
UL	148.608	2126	42247
UL	148.708	2126	365501
UL	148.708	2126	426781
UL	148.808	2126	363969
UL	148.808	2126	418792
UL	148.908	2126	366597
UL	148.908	2126	42364
UL	149.008	2126	36526
UL	149.008	2126	42641
UL	149.108	2126	365458
UL	149.108	2126	422386
UL	149.208	2126	361941
UL	149.208	2126	426246
UL	149.308	2126	359685
UL	149.308	2126	43492
UL	149.408	2126	362801
UL	149.408	2126	434401
UL	149.508	2126	362147
UL	149.508	2126	433737
UL	149.608	2126	363545
UL	149.608	2126	429019
UL	149.708	2126	355939
UL	149.708	2126	429689
UL	149.808	2126	358403
UL	149.808	2126	432568
UL	149.908	2126	361198
UL	149.908	2126	433262
UL	150.008	2126	357909
UL	150.008	2126	435977
UL	150.108	2126	365576
UL	150.108	2126	440021
UL	150.208	2126	367371
UL	150.208	2126	437497
UL	150.308	2126	362196
UL	150.308	2126	43391
UL	150.408	2126	365773
UL	150.408	2126	427932
UL	150.508	2126	367406
UL	150.508	2126	432456
UL	150.608	2126	360519
UL	150.608	2126	432921
UL	150.708	2126	367155
UL	150.708	2126	438481
UL	150.808	2126	372818
UL	150.808	2126	440201
UL	150.908	2126	370871
UL	150.908	2126	43998
UL	151.008	2126	370454
UL	151.008	2126	441828
UL	151.108	2126	372438
UL	151.108	2126	444334
UL	151.208	2126	369531
UL	151.208	2126	445398
UL	151.308	2126	365856
UL	151.308	2126	443782
UL	151.408	2126	365166
UL	151.408	2126	443832
UL	151.508	2126	359523
UL	151.508	2126	449886
UL	151.608	2126	362739
UL	151.608	2126	438897
UL	151.708	2126	364848
UL	151.708	2126	438053
UL	151.808	2126	371331
UL	151.808	2126	439162
UL	151.908	2126	371726
UL	151.908	2126	439512
UL	152.008	2126	366165
UL	152.008	2126	438348
UL	152.108	2126	372807
UL	152.108	2126	443733
UL	152.208	2126	364647
UL	152.208	2126	436598
UL	152.308	2126	365934
UL	152.308	2126	433816
UL	152.408	2126	367195
UL	152.408	2126	436357
UL	152.508	2126	363436
UL	152.508	2126	433443
UL	152.608	2126	359394
UL	152.608	2126	427746
UL	152.708	2126	371095
UL	152.708	2126	419285
UL	152.808	2126	371567
UL	152.808	2126	420072
UL	152.908	2126	366376
UL	152.908	2126	417154
UL	153.008	2126	366533
UL	153.008	2126	423105
UL	153.108	2126	364053
UL	153.108	2126	420943
UL	153.208	2126	367802
UL	153.208	2126	427852
UL	153.308	2126	371413
UL	153.308	2126	428249
UL	153.408	2126	366588
UL	153.408	2126	435112
UL	153.508	2126	373292
UL	153.508	2126	430215
UL	153.608	2126	379421
UL	153.608	2126	426285
UL	153.708	2126	37846
UL	153.708	2126	419652
UL	153.808	2126	376627
UL	153.808	2126	423141
UL	153.908	2126	381685
UL	153.908	2126	424634
UL	154.008	2126	382331
UL	154.008	2126	426066
UL	154.108	2126	380556
UL	154.108	2126	420202
UL	154.208	2126	382341
UL	154.208	2126	412073
UL	154.308	2126	378332
UL	154.308	2126	406778
UL	154.408	2126	379492
UL	154.408	2126	408827
UL	154.508	2126	373724
UL	154.508	2126	413587
UL	154.608	2126	365113
UL	154.608	2126	408947